#=====================================================
# File created:        Wed-30-Oct-2024-at-04-00-46PM
# Size of lattice:     40x40
# Number of MC steps:  1000
# Reduced temperature: 0.500
# Run time (s):        0.370570
#=====================================================
# MC step:  Ratio:     Energy:   Order:
#=====================================================
   00000    0.5000   -1514.7794  0.2560 
   00001    1.0000   -1559.1035  0.2624 
   00002    1.0000   -1628.5589  0.2575 
   00003    1.0000   -1602.1310  0.2571 
   00004    1.0000   -1579.0070  0.2595 
   00005    1.0000   -1564.8021  0.2557 
   00006    1.0000   -1723.7233  0.2548 
   00007    1.0000   -1666.6695  0.2629 
   00008    1.0000   -1611.6766  0.2585 
   00009    1.0000   -1693.6026  0.2633 
   00010    1.0000   -1680.1406  0.2823 
   00011    1.0000   -1636.6674  0.2798 
   00012    1.0000   -1622.8846  0.2774 
   00013    1.0000   -1573.3107  0.2744 
   00014    1.0000   -1559.8781  0.2710 
   00015    1.0000   -1523.5596  0.2681 
   00016    1.0000   -1575.8005  0.2683 
   00017    1.0000   -1542.4094  0.2562 
   00018    1.0000   -1569.0614  0.2616 
   00019    1.0000   -1545.7939  0.2577 
   00020    1.0000   -1551.6015  0.2665 
   00021    1.0000   -1612.1363  0.2728 
   00022    1.0000   -1634.4080  0.2737 
   00023    1.0000   -1696.4785  0.2773 
   00024    1.0000   -1609.9901  0.2909 
   00025    1.0000   -1578.4055  0.2715 
   00026    1.0000   -1556.8794  0.2642 
   00027    1.0000   -1587.4394  0.2708 
   00028    1.0000   -1605.5394  0.2739 
   00029    1.0000   -1664.6549  0.2591 
   00030    1.0000   -1601.3709  0.2562 
   00031    1.0000   -1674.9724  0.2717 
   00032    1.0000   -1688.4193  0.2665 
   00033    1.0000   -1762.1290  0.2675 
   00034    0.0000   -1678.8414  0.2644 
   00035    1.0000   -1588.6104  0.2570 
   00036    1.0000   -1583.5109  0.2546 
   00037    1.0000   -1575.9763  0.2745 
   00038    1.0000   -1598.8076  0.2609 
   00039    1.0000   -1625.6252  0.2558 
   00040    1.0000   -1599.2866  0.2704 
   00041    1.0000   -1545.9460  0.2836 
   00042    1.0000   -1622.9591  0.2693 
   00043    1.0000   -1625.0840  0.2587 
   00044    1.0000   -1669.6849  0.2531 
   00045    1.0000   -1638.0217  0.2621 
   00046    1.0000   -1655.2489  0.2695 
   00047    1.0000   -1621.7359  0.2747 
   00048    1.0000   -1628.2031  0.2701 
   00049    1.0000   -1539.5368  0.2773 
   00050    1.0000   -1596.0892  0.2781 
   00051    1.0000   -1554.6451  0.2805 
   00052    1.0000   -1630.7538  0.2754 
   00053    1.0000   -1549.1214  0.2690 
   00054    1.0000   -1564.6503  0.2625 
   00055    1.0000   -1468.1918  0.2581 
   00056    1.0000   -1613.2562  0.2624 
   00057    1.0000   -1653.9335  0.2567 
   00058    0.0000   -1638.7890  0.2676 
   00059    1.0000   -1639.3584  0.2615 
   00060    0.0000   -1632.6684  0.2548 
   00061    1.0000   -1613.6624  0.2686 
   00062    1.0000   -1604.3651  0.2568 
   00063    1.0000   -1563.1951  0.2763 
   00064    1.0000   -1449.9404  0.2573 
   00065    0.0000   -1520.3878  0.2594 
   00066    1.0000   -1535.4639  0.2567 
   00067    1.0000   -1611.8635  0.2563 
   00068    1.0000   -1572.0934  0.2627 
   00069    1.0000   -1563.8938  0.2650 
   00070    1.0000   -1556.0875  0.2666 
   00071    1.0000   -1542.6451  0.2544 
   00072    1.0000   -1496.5961  0.2542 
   00073    1.0000   -1539.7068  0.2709 
   00074    1.0000   -1532.6919  0.2734 
   00075    1.0000   -1584.9227  0.2800 
   00076    1.0000   -1586.4575  0.2765 
   00077    0.0000   -1640.9358  0.2693 
   00078    1.0000   -1628.0361  0.2541 
   00079    0.0000   -1594.0324  0.2768 
   00080    1.0000   -1603.5435  0.2608 
   00081    1.0000   -1498.2675  0.2668 
   00082    1.0000   -1581.8251  0.2555 
   00083    1.0000   -1445.5476  0.2689 
   00084    1.0000   -1485.9506  0.2589 
   00085    1.0000   -1570.5104  0.2581 
   00086    1.0000   -1590.9668  0.2605 
   00087    1.0000   -1560.3892  0.2667 
   00088    1.0000   -1580.8481  0.2670 
   00089    1.0000   -1579.3280  0.2540 
   00090    1.0000   -1548.8592  0.2530 
   00091    1.0000   -1512.8632  0.2592 
   00092    1.0000   -1641.8158  0.2604 
   00093    1.0000   -1587.0608  0.2584 
   00094    1.0000   -1505.5774  0.2651 
   00095    1.0000   -1516.3315  0.2656 
   00096    1.0000   -1632.3442  0.2640 
   00097    1.0000   -1540.5583  0.2569 
   00098    1.0000   -1502.3042  0.2531 
   00099    1.0000   -1493.5722  0.2688 
   00100    1.0000   -1522.8750  0.2530 
   00101    1.0000   -1527.3719  0.2648 
   00102    1.0000   -1527.7208  0.2636 
   00103    1.0000   -1511.9759  0.2622 
   00104    0.0000   -1464.9957  0.2666 
   00105    1.0000   -1528.0473  0.2737 
   00106    1.0000   -1478.8738  0.2716 
   00107    1.0000   -1517.0114  0.2745 
   00108    1.0000   -1524.0363  0.2638 
   00109    1.0000   -1495.3216  0.2577 
   00110    1.0000   -1560.2073  0.2563 
   00111    1.0000   -1501.9407  0.2564 
   00112    1.0000   -1560.2487  0.2728 
   00113    1.0000   -1595.2611  0.2697 
   00114    1.0000   -1623.9690  0.2654 
   00115    1.0000   -1575.2970  0.2552 
   00116    1.0000   -1569.5954  0.2591 
   00117    1.0000   -1615.7134  0.2528 
   00118    1.0000   -1546.0681  0.2589 
   00119    1.0000   -1553.9735  0.2622 
   00120    1.0000   -1611.9552  0.2580 
   00121    1.0000   -1587.2271  0.2541 
   00122    1.0000   -1579.2082  0.2589 
   00123    1.0000   -1599.8131  0.2572 
   00124    1.0000   -1525.0686  0.2574 
   00125    1.0000   -1470.8565  0.2551 
   00126    1.0000   -1559.0668  0.2606 
   00127    1.0000   -1651.5469  0.2586 
   00128    0.0000   -1624.0142  0.2585 
   00129    1.0000   -1610.0808  0.2543 
   00130    1.0000   -1605.0739  0.2517 
   00131    1.0000   -1614.2894  0.2713 
   00132    1.0000   -1533.2179  0.2744 
   00133    1.0000   -1552.9778  0.2817 
   00134    1.0000   -1521.6208  0.2609 
   00135    1.0000   -1539.0300  0.2713 
   00136    1.0000   -1551.7913  0.2684 
   00137    1.0000   -1523.9303  0.2687 
   00138    1.0000   -1490.0072  0.2791 
   00139    1.0000   -1560.0256  0.2663 
   00140    1.0000   -1617.4084  0.2791 
   00141    1.0000   -1633.4324  0.2688 
   00142    1.0000   -1627.7708  0.2562 
   00143    1.0000   -1681.8474  0.2567 
   00144    1.0000   -1624.6533  0.2603 
   00145    0.0000   -1670.8878  0.2672 
   00146    1.0000   -1591.4669  0.2647 
   00147    1.0000   -1610.3743  0.2811 
   00148    1.0000   -1611.2869  0.2787 
   00149    1.0000   -1650.2213  0.2741 
   00150    1.0000   -1626.7757  0.2760 
   00151    1.0000   -1574.1175  0.2828 
   00152    1.0000   -1578.1849  0.2792 
   00153    1.0000   -1556.0704  0.2753 
   00154    1.0000   -1530.1389  0.2628 
   00155    1.0000   -1601.0579  0.2561 
   00156    1.0000   -1572.5952  0.2531 
   00157    0.0000   -1554.8954  0.2534 
   00158    1.0000   -1560.5319  0.2635 
   00159    1.0000   -1534.5538  0.2535 
   00160    1.0000   -1447.3718  0.2570 
   00161    1.0000   -1524.4883  0.2603 
   00162    1.0000   -1542.5281  0.2691 
   00163    1.0000   -1587.5512  0.2698 
   00164    1.0000   -1611.5627  0.2582 
   00165    1.0000   -1647.0221  0.2531 
   00166    1.0000   -1623.0452  0.2686 
   00167    1.0000   -1561.6422  0.2632 
   00168    1.0000   -1572.3730  0.2507 
   00169    1.0000   -1642.7344  0.2611 
   00170    1.0000   -1587.9411  0.2728 
   00171    1.0000   -1570.9852  0.2700 
   00172    1.0000   -1605.3655  0.2780 
   00173    0.0000   -1641.4359  0.2650 
   00174    1.0000   -1669.6702  0.2599 
   00175    1.0000   -1598.9305  0.2606 
   00176    0.0000   -1590.8520  0.2623 
   00177    1.0000   -1572.6263  0.2574 
   00178    1.0000   -1597.4171  0.2776 
   00179    1.0000   -1633.6273  0.2574 
   00180    1.0000   -1641.8119  0.2694 
   00181    1.0000   -1592.8310  0.2720 
   00182    1.0000   -1612.6107  0.2741 
   00183    1.0000   -1604.4486  0.2765 
   00184    1.0000   -1609.8655  0.2630 
   00185    1.0000   -1588.3397  0.2692 
   00186    1.0000   -1592.7227  0.2590 
   00187    1.0000   -1618.0292  0.2640 
   00188    1.0000   -1649.7670  0.2504 
   00189    1.0000   -1591.2862  0.2748 
   00190    1.0000   -1519.0447  0.2723 
   00191    1.0000   -1530.5839  0.2672 
   00192    1.0000   -1557.1681  0.2584 
   00193    1.0000   -1557.8033  0.2584 
   00194    1.0000   -1540.0333  0.2558 
   00195    1.0000   -1568.8536  0.2637 
   00196    1.0000   -1568.5994  0.2558 
   00197    1.0000   -1597.8904  0.2719 
   00198    1.0000   -1656.2379  0.2723 
   00199    1.0000   -1735.2436  0.2856 
   00200    1.0000   -1706.8951  0.2934 
   00201    1.0000   -1675.2042  0.2783 
   00202    1.0000   -1667.5135  0.2697 
   00203    1.0000   -1599.6580  0.2662 
   00204    1.0000   -1643.0811  0.2642 
   00205    1.0000   -1587.4155  0.2638 
   00206    1.0000   -1705.7836  0.2642 
   00207    1.0000   -1628.9250  0.2619 
   00208    1.0000   -1574.8525  0.2540 
   00209    1.0000   -1613.6954  0.2657 
   00210    1.0000   -1572.4349  0.2718 
   00211    1.0000   -1642.1844  0.2746 
   00212    1.0000   -1658.7235  0.2648 
   00213    1.0000   -1594.9899  0.2666 
   00214    1.0000   -1579.6661  0.2634 
   00215    1.0000   -1604.5562  0.2685 
   00216    1.0000   -1668.3803  0.2728 
   00217    1.0000   -1614.3905  0.2680 
   00218    1.0000   -1635.4307  0.2640 
   00219    1.0000   -1543.2952  0.2753 
   00220    1.0000   -1538.7744  0.2675 
   00221    1.0000   -1572.1504  0.2656 
   00222    1.0000   -1582.4978  0.2676 
   00223    1.0000   -1588.8474  0.2616 
   00224    1.0000   -1595.3736  0.2564 
   00225    1.0000   -1668.3869  0.2536 
   00226    1.0000   -1618.7524  0.2629 
   00227    1.0000   -1554.3689  0.2693 
   00228    1.0000   -1547.9207  0.2679 
   00229    1.0000   -1552.7783  0.2608 
   00230    1.0000   -1556.9870  0.2695 
   00231    1.0000   -1509.7667  0.2651 
   00232    1.0000   -1565.8725  0.2680 
   00233    1.0000   -1584.9058  0.2622 
   00234    1.0000   -1631.9674  0.2557 
   00235    1.0000   -1689.1599  0.2516 
   00236    1.0000   -1739.1634  0.2553 
   00237    1.0000   -1630.8132  0.2509 
   00238    1.0000   -1684.7658  0.2633 
   00239    1.0000   -1705.3919  0.2665 
   00240    1.0000   -1671.6015  0.2708 
   00241    1.0000   -1685.0020  0.2695 
   00242    1.0000   -1724.6975  0.2611 
   00243    1.0000   -1676.2384  0.2605 
   00244    1.0000   -1651.1377  0.2670 
   00245    1.0000   -1623.5179  0.2665 
   00246    1.0000   -1652.8414  0.2728 
   00247    1.0000   -1644.6493  0.2561 
   00248    1.0000   -1601.9438  0.2539 
   00249    1.0000   -1559.5620  0.2590 
   00250    1.0000   -1623.1336  0.2563 
   00251    1.0000   -1582.4315  0.2558 
   00252    1.0000   -1699.4301  0.2570 
   00253    1.0000   -1687.7873  0.2673 
   00254    1.0000   -1664.4270  0.2755 
   00255    1.0000   -1800.5904  0.2792 
   00256    1.0000   -1672.1991  0.2818 
   00257    1.0000   -1689.8749  0.2741 
   00258    1.0000   -1568.7844  0.2761 
   00259    1.0000   -1570.2028  0.2770 
   00260    1.0000   -1637.3960  0.2747 
   00261    1.0000   -1670.6606  0.2533 
   00262    1.0000   -1629.6243  0.2591 
   00263    0.0000   -1617.0807  0.2602 
   00264    1.0000   -1668.4337  0.2686 
   00265    1.0000   -1603.7027  0.2708 
   00266    1.0000   -1647.5682  0.2815 
   00267    1.0000   -1582.9350  0.2821 
   00268    1.0000   -1629.6115  0.2856 
   00269    1.0000   -1659.1437  0.2744 
   00270    1.0000   -1601.2551  0.2834 
   00271    1.0000   -1679.9440  0.2864 
   00272    1.0000   -1704.9957  0.2850 
   00273    1.0000   -1625.7289  0.2671 
   00274    0.0000   -1665.9481  0.2602 
   00275    1.0000   -1643.9178  0.2626 
   00276    1.0000   -1671.0528  0.2581 
   00277    1.0000   -1639.9091  0.2561 
   00278    0.0000   -1718.5856  0.2619 
   00279    1.0000   -1648.8794  0.2659 
   00280    1.0000   -1703.5544  0.2602 
   00281    1.0000   -1695.1633  0.2673 
   00282    1.0000   -1686.6611  0.2729 
   00283    1.0000   -1594.4947  0.2779 
   00284    1.0000   -1622.7410  0.2698 
   00285    1.0000   -1671.5616  0.2600 
   00286    1.0000   -1650.9690  0.2702 
   00287    1.0000   -1626.0420  0.2632 
   00288    1.0000   -1614.3229  0.2607 
   00289    1.0000   -1599.5256  0.2707 
   00290    1.0000   -1599.3620  0.2601 
   00291    1.0000   -1641.9736  0.2603 
   00292    1.0000   -1638.2547  0.2706 
   00293    1.0000   -1582.3823  0.2613 
   00294    1.0000   -1558.7941  0.2581 
   00295    1.0000   -1599.2546  0.2554 
   00296    1.0000   -1609.4741  0.2619 
   00297    1.0000   -1646.2777  0.2544 
   00298    1.0000   -1631.0988  0.2623 
   00299    1.0000   -1553.8498  0.2603 
   00300    1.0000   -1513.4058  0.2601 
   00301    1.0000   -1503.5902  0.2620 
   00302    1.0000   -1518.1244  0.2692 
   00303    1.0000   -1552.8449  0.2614 
   00304    1.0000   -1513.6671  0.2581 
   00305    1.0000   -1446.7782  0.2592 
   00306    1.0000   -1586.3354  0.2626 
   00307    1.0000   -1674.5683  0.2780 
   00308    1.0000   -1701.5222  0.2783 
   00309    1.0000   -1672.5594  0.2743 
   00310    1.0000   -1721.7982  0.2602 
   00311    1.0000   -1660.0567  0.2636 
   00312    1.0000   -1636.7569  0.2706 
   00313    1.0000   -1582.8016  0.2627 
   00314    1.0000   -1582.0118  0.2622 
   00315    1.0000   -1591.1191  0.2753 
   00316    1.0000   -1633.0186  0.2766 
   00317    1.0000   -1627.4695  0.2712 
   00318    1.0000   -1626.1078  0.2621 
   00319    1.0000   -1545.8435  0.2598 
   00320    1.0000   -1530.8541  0.2605 
   00321    1.0000   -1542.0913  0.2643 
   00322    1.0000   -1548.9587  0.2557 
   00323    1.0000   -1531.5797  0.2579 
   00324    1.0000   -1460.4798  0.2611 
   00325    1.0000   -1496.8435  0.2698 
   00326    1.0000   -1559.7319  0.2683 
   00327    1.0000   -1583.2500  0.2684 
   00328    1.0000   -1525.6090  0.2749 
   00329    1.0000   -1564.2161  0.2765 
   00330    1.0000   -1632.0077  0.2527 
   00331    1.0000   -1555.3392  0.2516 
   00332    0.0000   -1544.0037  0.2587 
   00333    1.0000   -1525.3546  0.2689 
   00334    1.0000   -1554.9629  0.2585 
   00335    1.0000   -1483.3062  0.2643 
   00336    1.0000   -1535.1457  0.2753 
   00337    1.0000   -1531.4373  0.2664 
   00338    1.0000   -1545.9230  0.2573 
   00339    1.0000   -1495.0171  0.2587 
   00340    1.0000   -1463.9976  0.2686 
   00341    1.0000   -1572.2671  0.2651 
   00342    1.0000   -1516.8054  0.2685 
   00343    1.0000   -1618.4838  0.2744 
   00344    1.0000   -1523.7298  0.2614 
   00345    1.0000   -1527.8329  0.2651 
   00346    1.0000   -1528.6238  0.2578 
   00347    1.0000   -1571.4700  0.2637 
   00348    1.0000   -1590.6127  0.2590 
   00349    1.0000   -1662.5088  0.2642 
   00350    1.0000   -1597.0153  0.2637 
   00351    1.0000   -1584.8427  0.2701 
   00352    1.0000   -1616.8092  0.2665 
   00353    1.0000   -1579.5889  0.2658 
   00354    1.0000   -1649.5640  0.2649 
   00355    1.0000   -1644.1476  0.2698 
   00356    1.0000   -1608.6614  0.2675 
   00357    0.0000   -1640.3574  0.2773 
   00358    1.0000   -1637.6120  0.2615 
   00359    1.0000   -1630.4549  0.2760 
   00360    1.0000   -1627.5475  0.2646 
   00361    1.0000   -1617.4640  0.2597 
   00362    1.0000   -1573.0218  0.2588 
   00363    1.0000   -1542.7394  0.2644 
   00364    1.0000   -1520.6368  0.2782 
   00365    1.0000   -1612.1487  0.2724 
   00366    1.0000   -1581.6519  0.2757 
   00367    1.0000   -1599.0489  0.2679 
   00368    1.0000   -1549.6838  0.2561 
   00369    1.0000   -1620.1040  0.2685 
   00370    1.0000   -1630.4117  0.2563 
   00371    1.0000   -1533.4329  0.2624 
   00372    1.0000   -1586.1068  0.2702 
   00373    1.0000   -1571.4718  0.2726 
   00374    1.0000   -1553.5338  0.2702 
   00375    1.0000   -1600.9672  0.2685 
   00376    1.0000   -1650.0795  0.2671 
   00377    1.0000   -1650.5864  0.2731 
   00378    1.0000   -1546.1263  0.2587 
   00379    1.0000   -1531.3423  0.2569 
   00380    1.0000   -1665.6614  0.2574 
   00381    1.0000   -1598.6017  0.2520 
   00382    1.0000   -1592.6657  0.2576 
   00383    1.0000   -1565.5985  0.2630 
   00384    1.0000   -1636.9657  0.2623 
   00385    1.0000   -1699.4506  0.2707 
   00386    1.0000   -1592.3379  0.2643 
   00387    1.0000   -1538.9995  0.2791 
   00388    1.0000   -1607.9017  0.2805 
   00389    1.0000   -1666.3501  0.2620 
   00390    1.0000   -1660.8484  0.2803 
   00391    1.0000   -1652.9518  0.2703 
   00392    1.0000   -1600.6278  0.2754 
   00393    1.0000   -1731.7423  0.2905 
   00394    1.0000   -1664.2717  0.2714 
   00395    1.0000   -1710.6963  0.2706 
   00396    1.0000   -1734.5746  0.2774 
   00397    1.0000   -1662.9867  0.2757 
   00398    1.0000   -1623.3924  0.2613 
   00399    1.0000   -1640.5366  0.2595 
   00400    1.0000   -1616.8877  0.2660 
   00401    1.0000   -1490.3840  0.2673 
   00402    1.0000   -1466.0725  0.2702 
   00403    1.0000   -1478.5387  0.2546 
   00404    1.0000   -1527.5222  0.2550 
   00405    1.0000   -1648.4919  0.2629 
   00406    1.0000   -1681.1550  0.2751 
   00407    1.0000   -1590.3519  0.2672 
   00408    1.0000   -1571.5413  0.2603 
   00409    1.0000   -1597.8946  0.2669 
   00410    1.0000   -1658.8187  0.2707 
   00411    1.0000   -1653.1325  0.2618 
   00412    1.0000   -1571.3248  0.2623 
   00413    1.0000   -1606.9493  0.2580 
   00414    1.0000   -1565.6140  0.2643 
   00415    1.0000   -1611.3327  0.2660 
   00416    1.0000   -1664.1096  0.2722 
   00417    1.0000   -1588.1998  0.2630 
   00418    1.0000   -1616.9918  0.2718 
   00419    1.0000   -1614.7827  0.2644 
   00420    1.0000   -1646.9095  0.2708 
   00421    1.0000   -1560.7559  0.2650 
   00422    0.0000   -1511.2945  0.2753 
   00423    1.0000   -1591.5563  0.2653 
   00424    1.0000   -1648.2585  0.2702 
   00425    1.0000   -1613.0618  0.2765 
   00426    1.0000   -1605.0190  0.2673 
   00427    1.0000   -1605.3090  0.2590 
   00428    1.0000   -1544.4601  0.2568 
   00429    1.0000   -1571.5788  0.2612 
   00430    1.0000   -1592.6127  0.2616 
   00431    1.0000   -1541.4278  0.2583 
   00432    1.0000   -1621.3469  0.2576 
   00433    1.0000   -1600.0093  0.2592 
   00434    1.0000   -1580.1932  0.2612 
   00435    1.0000   -1599.9484  0.2566 
   00436    1.0000   -1554.7937  0.2632 
   00437    1.0000   -1567.7617  0.2649 
   00438    1.0000   -1556.0281  0.2645 
   00439    1.0000   -1584.2235  0.2715 
   00440    1.0000   -1537.4672  0.2621 
   00441    1.0000   -1535.8220  0.2687 
   00442    1.0000   -1643.7137  0.2643 
   00443    1.0000   -1647.2926  0.2633 
   00444    1.0000   -1536.2668  0.2673 
   00445    1.0000   -1592.1167  0.2536 
   00446    1.0000   -1550.9295  0.2617 
   00447    1.0000   -1637.3339  0.2850 
   00448    1.0000   -1599.8955  0.2764 
   00449    1.0000   -1605.8277  0.2655 
   00450    1.0000   -1560.3516  0.2635 
   00451    1.0000   -1477.7585  0.2641 
   00452    0.0000   -1525.1098  0.2610 
   00453    1.0000   -1611.5458  0.2633 
   00454    1.0000   -1584.4918  0.2562 
   00455    1.0000   -1566.3012  0.2761 
   00456    1.0000   -1549.4109  0.2543 
   00457    1.0000   -1520.2734  0.2582 
   00458    1.0000   -1477.3275  0.2578 
   00459    1.0000   -1431.0695  0.2589 
   00460    1.0000   -1480.9619  0.2631 
   00461    1.0000   -1458.7073  0.2711 
   00462    1.0000   -1427.4753  0.2530 
   00463    1.0000   -1491.3831  0.2604 
   00464    1.0000   -1552.5858  0.2601 
   00465    1.0000   -1526.2977  0.2647 
   00466    1.0000   -1521.3113  0.2613 
   00467    1.0000   -1474.5829  0.2706 
   00468    1.0000   -1504.3986  0.2615 
   00469    1.0000   -1562.9407  0.2620 
   00470    1.0000   -1575.2841  0.2601 
   00471    1.0000   -1608.5846  0.2721 
   00472    1.0000   -1660.3182  0.2792 
   00473    1.0000   -1616.4419  0.2759 
   00474    1.0000   -1698.5303  0.2638 
   00475    1.0000   -1660.8092  0.2709 
   00476    1.0000   -1632.0098  0.2676 
   00477    1.0000   -1591.2367  0.2630 
   00478    1.0000   -1550.7653  0.2586 
   00479    1.0000   -1689.9082  0.2564 
   00480    1.0000   -1565.4376  0.2677 
   00481    1.0000   -1612.5991  0.2725 
   00482    1.0000   -1574.1523  0.2605 
   00483    1.0000   -1544.2239  0.2598 
   00484    1.0000   -1678.9845  0.2527 
   00485    1.0000   -1690.4252  0.2666 
   00486    1.0000   -1589.4303  0.2708 
   00487    1.0000   -1600.0320  0.2661 
   00488    1.0000   -1601.6712  0.2783 
   00489    1.0000   -1539.9186  0.2809 
   00490    1.0000   -1546.7258  0.2800 
   00491    1.0000   -1528.2428  0.2782 
   00492    1.0000   -1504.3036  0.2836 
   00493    1.0000   -1547.8635  0.2905 
   00494    1.0000   -1518.8451  0.2830 
   00495    1.0000   -1522.2167  0.2834 
   00496    1.0000   -1444.7599  0.2819 
   00497    1.0000   -1534.3821  0.2848 
   00498    1.0000   -1536.9128  0.2694 
   00499    1.0000   -1533.8279  0.2566 
   00500    1.0000   -1615.3587  0.2554 
   00501    1.0000   -1605.0249  0.2528 
   00502    1.0000   -1661.6916  0.2668 
   00503    1.0000   -1700.1635  0.2702 
   00504    1.0000   -1619.3307  0.2802 
   00505    1.0000   -1589.1835  0.2826 
   00506    1.0000   -1620.2585  0.2682 
   00507    1.0000   -1667.1636  0.2708 
   00508    1.0000   -1598.4531  0.2622 
   00509    1.0000   -1598.2029  0.2519 
   00510    1.0000   -1526.0363  0.2644 
   00511    0.0000   -1586.6328  0.2670 
   00512    1.0000   -1539.3139  0.2730 
   00513    1.0000   -1571.3168  0.2585 
   00514    1.0000   -1658.5388  0.2598 
   00515    1.0000   -1546.4907  0.2662 
   00516    1.0000   -1532.4514  0.2696 
   00517    1.0000   -1589.6736  0.2762 
   00518    1.0000   -1621.1010  0.2901 
   00519    1.0000   -1610.3426  0.2768 
   00520    0.0000   -1550.7320  0.2779 
   00521    1.0000   -1518.8801  0.2707 
   00522    1.0000   -1507.2894  0.2794 
   00523    1.0000   -1445.4107  0.2690 
   00524    1.0000   -1601.1529  0.2767 
   00525    1.0000   -1629.6189  0.2646 
   00526    1.0000   -1637.0071  0.2716 
   00527    1.0000   -1660.9133  0.2574 
   00528    1.0000   -1613.7713  0.2623 
   00529    1.0000   -1557.5711  0.2510 
   00530    1.0000   -1554.5292  0.2560 
   00531    1.0000   -1596.7646  0.2601 
   00532    1.0000   -1590.6459  0.2637 
   00533    1.0000   -1633.6207  0.2688 
   00534    1.0000   -1654.7075  0.2682 
   00535    1.0000   -1632.7941  0.2571 
   00536    1.0000   -1633.6891  0.2601 
   00537    1.0000   -1621.5970  0.2607 
   00538    1.0000   -1503.7580  0.2648 
   00539    1.0000   -1605.8135  0.2665 
   00540    1.0000   -1652.9098  0.2746 
   00541    1.0000   -1576.1526  0.2675 
   00542    1.0000   -1465.0941  0.2587 
   00543    1.0000   -1503.5453  0.2592 
   00544    1.0000   -1537.3636  0.2664 
   00545    1.0000   -1557.4784  0.2621 
   00546    1.0000   -1502.1027  0.2556 
   00547    1.0000   -1511.3247  0.2707 
   00548    1.0000   -1486.3554  0.2707 
   00549    1.0000   -1507.1516  0.2660 
   00550    1.0000   -1467.2271  0.2681 
   00551    1.0000   -1582.0897  0.2732 
   00552    1.0000   -1492.9850  0.2729 
   00553    1.0000   -1504.6732  0.2670 
   00554    1.0000   -1547.3751  0.2632 
   00555    1.0000   -1686.5072  0.2629 
   00556    1.0000   -1594.8251  0.2642 
   00557    1.0000   -1619.6328  0.2765 
   00558    1.0000   -1582.1555  0.2698 
   00559    1.0000   -1583.8717  0.2574 
   00560    1.0000   -1612.9086  0.2623 
   00561    1.0000   -1587.8885  0.2639 
   00562    1.0000   -1618.5040  0.2551 
   00563    1.0000   -1579.7472  0.2527 
   00564    1.0000   -1572.1029  0.2534 
   00565    1.0000   -1506.9367  0.2533 
   00566    1.0000   -1503.3477  0.2599 
   00567    1.0000   -1567.9727  0.2664 
   00568    1.0000   -1515.0214  0.2678 
   00569    1.0000   -1490.7270  0.2659 
   00570    0.0000   -1599.9074  0.2577 
   00571    1.0000   -1586.3052  0.2608 
   00572    1.0000   -1595.1740  0.2507 
   00573    1.0000   -1622.4181  0.2603 
   00574    1.0000   -1637.5530  0.2725 
   00575    1.0000   -1641.1866  0.2583 
   00576    1.0000   -1575.7810  0.2645 
   00577    1.0000   -1526.1226  0.2571 
   00578    1.0000   -1578.3181  0.2560 
   00579    1.0000   -1625.1364  0.2524 
   00580    1.0000   -1676.0752  0.2566 
   00581    1.0000   -1598.9490  0.2694 
   00582    1.0000   -1585.5231  0.2517 
   00583    1.0000   -1645.9838  0.2609 
   00584    0.0000   -1559.9816  0.2580 
   00585    1.0000   -1586.7085  0.2605 
   00586    1.0000   -1562.1704  0.2617 
   00587    1.0000   -1560.4752  0.2619 
   00588    1.0000   -1503.6632  0.2566 
   00589    1.0000   -1668.2038  0.2681 
   00590    1.0000   -1669.3177  0.2604 
   00591    1.0000   -1707.5306  0.2530 
   00592    1.0000   -1635.7291  0.2566 
   00593    1.0000   -1540.7544  0.2645 
   00594    0.0000   -1555.8721  0.2624 
   00595    1.0000   -1580.2512  0.2546 
   00596    1.0000   -1555.4585  0.2621 
   00597    1.0000   -1525.9261  0.2526 
   00598    1.0000   -1611.5604  0.2509 
   00599    1.0000   -1574.3029  0.2677 
   00600    1.0000   -1603.2653  0.2630 
   00601    1.0000   -1561.6246  0.2537 
   00602    1.0000   -1559.2414  0.2667 
   00603    1.0000   -1619.6635  0.2646 
   00604    1.0000   -1684.5766  0.2583 
   00605    1.0000   -1581.9987  0.2624 
   00606    1.0000   -1562.2334  0.2593 
   00607    1.0000   -1598.9184  0.2546 
   00608    1.0000   -1583.1439  0.2595 
   00609    1.0000   -1552.2225  0.2566 
   00610    1.0000   -1518.9586  0.2675 
   00611    1.0000   -1507.7151  0.2568 
   00612    1.0000   -1530.6353  0.2614 
   00613    1.0000   -1551.2450  0.2556 
   00614    1.0000   -1582.6734  0.2670 
   00615    0.0000   -1621.6241  0.2576 
   00616    1.0000   -1666.5439  0.2624 
   00617    1.0000   -1662.7391  0.2689 
   00618    1.0000   -1655.7464  0.2668 
   00619    1.0000   -1707.8107  0.2650 
   00620    0.0000   -1591.0845  0.2663 
   00621    1.0000   -1600.2789  0.2656 
   00622    1.0000   -1558.3203  0.2643 
   00623    1.0000   -1592.3213  0.2607 
   00624    1.0000   -1525.6565  0.2604 
   00625    1.0000   -1507.7888  0.2723 
   00626    1.0000   -1541.7541  0.2703 
   00627    1.0000   -1514.3026  0.2661 
   00628    1.0000   -1604.5895  0.2662 
   00629    1.0000   -1600.6616  0.2603 
   00630    1.0000   -1661.6413  0.2616 
   00631    1.0000   -1557.4329  0.2675 
   00632    1.0000   -1579.7028  0.2697 
   00633    1.0000   -1635.9803  0.2655 
   00634    1.0000   -1607.7413  0.2645 
   00635    1.0000   -1624.7288  0.2673 
   00636    1.0000   -1638.8473  0.2579 
   00637    1.0000   -1640.5797  0.2564 
   00638    1.0000   -1598.9566  0.2651 
   00639    1.0000   -1655.3877  0.2668 
   00640    1.0000   -1679.2361  0.2608 
   00641    1.0000   -1652.7055  0.2524 
   00642    1.0000   -1623.5246  0.2533 
   00643    1.0000   -1623.5019  0.2516 
   00644    1.0000   -1686.0068  0.2588 
   00645    1.0000   -1669.8353  0.2562 
   00646    1.0000   -1626.1512  0.2537 
   00647    1.0000   -1604.7187  0.2589 
   00648    1.0000   -1649.1873  0.2599 
   00649    1.0000   -1607.8560  0.2735 
   00650    1.0000   -1606.0455  0.2708 
   00651    1.0000   -1574.1865  0.2610 
   00652    1.0000   -1537.9696  0.2558 
   00653    1.0000   -1625.6621  0.2631 
   00654    1.0000   -1692.3451  0.2630 
   00655    1.0000   -1658.4722  0.2684 
   00656    1.0000   -1590.0082  0.2659 
   00657    1.0000   -1567.4378  0.2684 
   00658    1.0000   -1614.0511  0.2694 
   00659    1.0000   -1627.0395  0.2558 
   00660    1.0000   -1625.9578  0.2640 
   00661    1.0000   -1677.8344  0.2673 
   00662    1.0000   -1607.5869  0.2654 
   00663    1.0000   -1605.0484  0.2583 
   00664    1.0000   -1725.0005  0.2558 
   00665    1.0000   -1726.4318  0.2728 
   00666    1.0000   -1627.9392  0.2729 
   00667    1.0000   -1628.2515  0.2697 
   00668    1.0000   -1610.9059  0.2706 
   00669    1.0000   -1552.4094  0.2616 
   00670    1.0000   -1499.7823  0.2608 
   00671    1.0000   -1595.3113  0.2800 
   00672    1.0000   -1641.1856  0.2690 
   00673    1.0000   -1628.9019  0.2707 
   00674    1.0000   -1402.8619  0.2622 
   00675    1.0000   -1444.4689  0.2560 
   00676    1.0000   -1536.9248  0.2632 
   00677    1.0000   -1483.7837  0.2678 
   00678    1.0000   -1552.3945  0.2730 
   00679    1.0000   -1637.5975  0.2817 
   00680    1.0000   -1684.4017  0.2739 
   00681    0.0000   -1584.4881  0.2678 
   00682    1.0000   -1561.3189  0.2654 
   00683    1.0000   -1546.0533  0.2785 
   00684    1.0000   -1553.2058  0.2641 
   00685    1.0000   -1502.8400  0.2725 
   00686    1.0000   -1526.2310  0.2696 
   00687    1.0000   -1551.5024  0.2602 
   00688    1.0000   -1602.3921  0.2623 
   00689    1.0000   -1612.9214  0.2619 
   00690    1.0000   -1643.9909  0.2640 
   00691    1.0000   -1613.1769  0.2714 
   00692    1.0000   -1642.6266  0.2665 
   00693    1.0000   -1627.9542  0.2674 
   00694    1.0000   -1674.5730  0.2738 
   00695    1.0000   -1702.3545  0.2772 
   00696    1.0000   -1642.8324  0.2786 
   00697    1.0000   -1610.9628  0.2563 
   00698    1.0000   -1594.4799  0.2649 
   00699    1.0000   -1553.5792  0.2519 
   00700    1.0000   -1510.3277  0.2541 
   00701    1.0000   -1643.3536  0.2603 
   00702    1.0000   -1549.7192  0.2607 
   00703    1.0000   -1600.8709  0.2630 
   00704    1.0000   -1588.6350  0.2750 
   00705    0.0000   -1550.6788  0.2752 
   00706    1.0000   -1600.2462  0.2723 
   00707    1.0000   -1531.1899  0.2625 
   00708    1.0000   -1570.8513  0.2589 
   00709    1.0000   -1495.9040  0.2648 
   00710    1.0000   -1527.0605  0.2611 
   00711    1.0000   -1590.2155  0.2575 
   00712    1.0000   -1614.5951  0.2645 
   00713    1.0000   -1582.1119  0.2710 
   00714    1.0000   -1497.7624  0.2639 
   00715    1.0000   -1551.3360  0.2744 
   00716    0.0000   -1565.4884  0.2658 
   00717    1.0000   -1618.2186  0.2668 
   00718    1.0000   -1644.2213  0.2679 
   00719    1.0000   -1590.8186  0.2589 
   00720    1.0000   -1663.9246  0.2621 
   00721    1.0000   -1609.2769  0.2674 
   00722    1.0000   -1641.5621  0.2669 
   00723    1.0000   -1700.1912  0.2602 
   00724    1.0000   -1669.6497  0.2636 
   00725    1.0000   -1710.4064  0.2586 
   00726    1.0000   -1696.8038  0.2575 
   00727    1.0000   -1716.3529  0.2542 
   00728    1.0000   -1661.6035  0.2714 
   00729    1.0000   -1644.5568  0.2738 
   00730    1.0000   -1484.3553  0.2554 
   00731    1.0000   -1495.5357  0.2578 
   00732    1.0000   -1581.1866  0.2530 
   00733    1.0000   -1562.0796  0.2535 
   00734    1.0000   -1537.8042  0.2605 
   00735    1.0000   -1472.9087  0.2733 
   00736    1.0000   -1509.4101  0.2644 
   00737    1.0000   -1457.5588  0.2565 
   00738    1.0000   -1610.4848  0.2669 
   00739    1.0000   -1557.5108  0.2615 
   00740    1.0000   -1559.4209  0.2590 
   00741    1.0000   -1557.5110  0.2599 
   00742    1.0000   -1635.3045  0.2572 
   00743    1.0000   -1568.2567  0.2536 
   00744    1.0000   -1548.9622  0.2673 
   00745    1.0000   -1626.7953  0.2748 
   00746    1.0000   -1628.0771  0.2735 
   00747    1.0000   -1627.1651  0.2629 
   00748    1.0000   -1575.8562  0.2532 
   00749    1.0000   -1541.2303  0.2657 
   00750    1.0000   -1636.3425  0.2561 
   00751    1.0000   -1653.7468  0.2662 
   00752    1.0000   -1611.0583  0.2608 
   00753    1.0000   -1658.3900  0.2642 
   00754    1.0000   -1715.4943  0.2659 
   00755    1.0000   -1706.8227  0.2599 
   00756    1.0000   -1621.1959  0.2524 
   00757    1.0000   -1625.6422  0.2722 
   00758    1.0000   -1603.5892  0.2703 
   00759    1.0000   -1600.4298  0.2617 
   00760    1.0000   -1633.0440  0.2552 
   00761    1.0000   -1585.0026  0.2575 
   00762    1.0000   -1660.7183  0.2702 
   00763    1.0000   -1610.8181  0.2631 
   00764    1.0000   -1589.3049  0.2589 
   00765    1.0000   -1643.0663  0.2681 
   00766    1.0000   -1671.2634  0.2629 
   00767    1.0000   -1607.9714  0.2660 
   00768    1.0000   -1598.9009  0.2613 
   00769    1.0000   -1610.9068  0.2624 
   00770    1.0000   -1649.0597  0.2650 
   00771    1.0000   -1647.5562  0.2773 
   00772    1.0000   -1607.8268  0.2617 
   00773    1.0000   -1588.4346  0.2560 
   00774    1.0000   -1552.1107  0.2657 
   00775    1.0000   -1633.9923  0.2780 
   00776    1.0000   -1644.1093  0.2831 
   00777    1.0000   -1575.9759  0.2768 
   00778    1.0000   -1723.7196  0.2680 
   00779    1.0000   -1646.0870  0.2620 
   00780    1.0000   -1716.3272  0.2571 
   00781    1.0000   -1657.4346  0.2622 
   00782    1.0000   -1663.1470  0.2670 
   00783    1.0000   -1643.8384  0.2656 
   00784    0.0000   -1670.6795  0.2711 
   00785    1.0000   -1649.2949  0.2734 
   00786    1.0000   -1645.9238  0.2696 
   00787    1.0000   -1602.9666  0.2778 
   00788    1.0000   -1589.0800  0.2672 
   00789    1.0000   -1543.7725  0.2718 
   00790    1.0000   -1546.7303  0.2752 
   00791    1.0000   -1598.9400  0.2593 
   00792    1.0000   -1543.3472  0.2595 
   00793    1.0000   -1539.5418  0.2612 
   00794    1.0000   -1548.4398  0.2644 
   00795    1.0000   -1560.4074  0.2549 
   00796    1.0000   -1563.9961  0.2631 
   00797    1.0000   -1586.0278  0.2882 
   00798    1.0000   -1581.7230  0.2650 
   00799    1.0000   -1513.8173  0.2660 
   00800    1.0000   -1523.1747  0.2615 
   00801    1.0000   -1542.5180  0.2694 
   00802    1.0000   -1553.5606  0.2644 
   00803    1.0000   -1554.2431  0.2765 
   00804    1.0000   -1637.3230  0.2695 
   00805    1.0000   -1569.1910  0.2781 
   00806    1.0000   -1524.1763  0.2609 
   00807    1.0000   -1531.0503  0.2517 
   00808    1.0000   -1550.5116  0.2571 
   00809    1.0000   -1562.5882  0.2564 
   00810    1.0000   -1547.2938  0.2760 
   00811    1.0000   -1545.5468  0.2724 
   00812    1.0000   -1524.0756  0.2561 
   00813    1.0000   -1606.6882  0.2566 
   00814    1.0000   -1594.8219  0.2582 
   00815    1.0000   -1689.9628  0.2571 
   00816    1.0000   -1586.4582  0.2714 
   00817    1.0000   -1599.3661  0.2761 
   00818    1.0000   -1620.8985  0.2768 
   00819    1.0000   -1643.5407  0.2871 
   00820    1.0000   -1613.8436  0.2869 
   00821    1.0000   -1585.3321  0.2744 
   00822    1.0000   -1569.0490  0.2709 
   00823    0.0000   -1590.6011  0.2796 
   00824    1.0000   -1562.9244  0.2637 
   00825    1.0000   -1449.1877  0.2583 
   00826    1.0000   -1566.8203  0.2619 
   00827    1.0000   -1590.8606  0.2665 
   00828    1.0000   -1638.3205  0.2540 
   00829    1.0000   -1557.0888  0.2610 
   00830    1.0000   -1584.1771  0.2644 
   00831    1.0000   -1546.7547  0.2839 
   00832    1.0000   -1526.9346  0.2772 
   00833    1.0000   -1600.1345  0.2774 
   00834    1.0000   -1542.1727  0.2606 
   00835    1.0000   -1549.4826  0.2638 
   00836    1.0000   -1489.4489  0.2643 
   00837    1.0000   -1512.9404  0.2575 
   00838    1.0000   -1525.2363  0.2731 
   00839    1.0000   -1615.0682  0.2741 
   00840    1.0000   -1643.6770  0.2693 
   00841    1.0000   -1646.4120  0.2747 
   00842    1.0000   -1688.2819  0.2727 
   00843    1.0000   -1688.4952  0.2717 
   00844    1.0000   -1745.0143  0.2760 
   00845    1.0000   -1705.8204  0.2708 
   00846    1.0000   -1662.9606  0.2678 
   00847    1.0000   -1678.7406  0.2694 
   00848    1.0000   -1695.4967  0.2564 
   00849    1.0000   -1708.6653  0.2674 
   00850    1.0000   -1722.2122  0.2678 
   00851    1.0000   -1623.5119  0.2636 
   00852    1.0000   -1665.7522  0.2605 
   00853    1.0000   -1557.1366  0.2574 
   00854    1.0000   -1563.6848  0.2643 
   00855    1.0000   -1513.8886  0.2702 
   00856    1.0000   -1581.2143  0.2727 
   00857    1.0000   -1563.6198  0.2735 
   00858    1.0000   -1542.7890  0.2864 
   00859    1.0000   -1539.0562  0.2877 
   00860    1.0000   -1620.4688  0.2728 
   00861    1.0000   -1632.3601  0.2743 
   00862    1.0000   -1650.8460  0.2684 
   00863    1.0000   -1581.0471  0.2825 
   00864    1.0000   -1560.5245  0.2666 
   00865    1.0000   -1518.7087  0.2624 
   00866    1.0000   -1538.4880  0.2601 
   00867    1.0000   -1502.0363  0.2522 
   00868    1.0000   -1526.3267  0.2560 
   00869    1.0000   -1543.2186  0.2584 
   00870    1.0000   -1631.9247  0.2593 
   00871    1.0000   -1509.5937  0.2609 
   00872    1.0000   -1580.3167  0.2663 
   00873    1.0000   -1557.1720  0.2770 
   00874    1.0000   -1543.1098  0.2727 
   00875    1.0000   -1487.7535  0.2648 
   00876    1.0000   -1574.3297  0.2712 
   00877    1.0000   -1558.3914  0.2657 
   00878    1.0000   -1532.0496  0.2671 
   00879    1.0000   -1678.6193  0.2549 
   00880    1.0000   -1763.1382  0.2573 
   00881    1.0000   -1768.8279  0.2761 
   00882    1.0000   -1658.1647  0.2652 
   00883    1.0000   -1665.4510  0.2618 
   00884    1.0000   -1534.9109  0.2655 
   00885    1.0000   -1562.0012  0.2649 
   00886    1.0000   -1581.0884  0.2545 
   00887    1.0000   -1535.7167  0.2571 
   00888    1.0000   -1529.4194  0.2691 
   00889    1.0000   -1499.2717  0.2590 
   00890    1.0000   -1582.6015  0.2569 
   00891    1.0000   -1571.4706  0.2679 
   00892    1.0000   -1609.8074  0.2672 
   00893    1.0000   -1593.5938  0.2583 
   00894    1.0000   -1630.3452  0.2570 
   00895    1.0000   -1583.1221  0.2569 
   00896    1.0000   -1616.2500  0.2535 
   00897    1.0000   -1678.3637  0.2593 
   00898    1.0000   -1637.7067  0.2732 
   00899    1.0000   -1570.5479  0.2604 
   00900    1.0000   -1640.0930  0.2570 
   00901    1.0000   -1671.1926  0.2644 
   00902    1.0000   -1683.7879  0.2655 
   00903    1.0000   -1675.3346  0.2609 
   00904    1.0000   -1643.0996  0.2718 
   00905    1.0000   -1602.3290  0.2607 
   00906    1.0000   -1554.2678  0.2619 
   00907    1.0000   -1606.0553  0.2640 
   00908    1.0000   -1548.6784  0.2533 
   00909    1.0000   -1523.2705  0.2668 
   00910    1.0000   -1595.5900  0.2656 
   00911    1.0000   -1557.4826  0.2546 
   00912    1.0000   -1669.1462  0.2638 
   00913    1.0000   -1596.1293  0.2648 
   00914    1.0000   -1574.7901  0.2582 
   00915    1.0000   -1665.5533  0.2608 
   00916    1.0000   -1542.6238  0.2570 
   00917    1.0000   -1557.2050  0.2559 
   00918    1.0000   -1543.5932  0.2594 
   00919    1.0000   -1563.9794  0.2583 
   00920    1.0000   -1640.3576  0.2700 
   00921    1.0000   -1647.4615  0.2676 
   00922    1.0000   -1646.4354  0.2647 
   00923    1.0000   -1590.6017  0.2598 
   00924    1.0000   -1559.4626  0.2701 
   00925    1.0000   -1546.6988  0.2732 
   00926    1.0000   -1543.5419  0.2836 
   00927    1.0000   -1604.6369  0.2868 
   00928    1.0000   -1680.2507  0.2990 
   00929    1.0000   -1706.7598  0.2897 
   00930    1.0000   -1654.2915  0.2870 
   00931    1.0000   -1668.0614  0.2795 
   00932    1.0000   -1610.1259  0.2704 
   00933    1.0000   -1592.9406  0.2709 
   00934    1.0000   -1596.3148  0.2748 
   00935    1.0000   -1595.6228  0.2653 
   00936    1.0000   -1689.3378  0.2572 
   00937    1.0000   -1669.5739  0.2609 
   00938    1.0000   -1712.3581  0.2588 
   00939    1.0000   -1721.5316  0.2721 
   00940    1.0000   -1640.5444  0.2603 
   00941    1.0000   -1577.7009  0.2531 
   00942    1.0000   -1501.4994  0.2706 
   00943    1.0000   -1586.3004  0.2659 
   00944    1.0000   -1607.7664  0.2661 
   00945    1.0000   -1630.3828  0.2685 
   00946    1.0000   -1645.6335  0.2616 
   00947    1.0000   -1615.2871  0.2561 
   00948    1.0000   -1640.5551  0.2686 
   00949    1.0000   -1566.4798  0.2613 
   00950    1.0000   -1597.3487  0.2577 
   00951    1.0000   -1619.5923  0.2578 
   00952    1.0000   -1617.3976  0.2534 
   00953    1.0000   -1615.1475  0.2517 
   00954    1.0000   -1598.1777  0.2587 
   00955    1.0000   -1632.5929  0.2581 
   00956    1.0000   -1588.2084  0.2654 
   00957    1.0000   -1597.2282  0.2606 
   00958    1.0000   -1592.3500  0.2634 
   00959    1.0000   -1540.8351  0.2675 
   00960    1.0000   -1638.9695  0.2554 
   00961    1.0000   -1593.0638  0.2647 
   00962    1.0000   -1594.7903  0.2584 
   00963    1.0000   -1670.5023  0.2652 
   00964    1.0000   -1659.0901  0.2621 
   00965    1.0000   -1639.5438  0.2616 
   00966    1.0000   -1651.2721  0.2609 
   00967    1.0000   -1629.1474  0.2637 
   00968    1.0000   -1637.5494  0.2560 
   00969    1.0000   -1633.9830  0.2577 
   00970    1.0000   -1582.7749  0.2542 
   00971    1.0000   -1591.1534  0.2618 
   00972    1.0000   -1639.8335  0.2697 
   00973    1.0000   -1662.1978  0.2655 
   00974    1.0000   -1664.7004  0.2601 
   00975    1.0000   -1595.4914  0.2588 
   00976    1.0000   -1593.4384  0.2644 
   00977    1.0000   -1556.1694  0.2587 
   00978    1.0000   -1584.7873  0.2580 
   00979    1.0000   -1626.5819  0.2537 
   00980    1.0000   -1765.8413  0.2582 
   00981    1.0000   -1748.5431  0.2640 
   00982    1.0000   -1735.4396  0.2570 
   00983    1.0000   -1594.7004  0.2586 
   00984    1.0000   -1580.8536  0.2575 
   00985    1.0000   -1531.1786  0.2615 
   00986    1.0000   -1522.7995  0.2699 
   00987    1.0000   -1488.4675  0.2810 
   00988    1.0000   -1495.6370  0.2773 
   00989    1.0000   -1551.9385  0.2678 
   00990    1.0000   -1484.1384  0.2721 
   00991    1.0000   -1522.6460  0.2744 
   00992    1.0000   -1509.1834  0.2777 
   00993    1.0000   -1599.6260  0.2654 
   00994    1.0000   -1587.8055  0.2670 
   00995    1.0000   -1650.5448  0.2681 
   00996    1.0000   -1650.2033  0.2588 
   00997    1.0000   -1642.7828  0.2656 
   00998    1.0000   -1601.5318  0.2596 
   00999    1.0000   -1589.8133  0.2629 
   01000    1.0000   -1569.7461  0.2715 
