#=====================================================
# File created:        Wed-30-Oct-2024-at-06-13-04PM
# Size of lattice:     40x40
# Number of MC steps:  1000
# Reduced temperature: 0.500
# Run time (s):        2.267664
#=====================================================
# MC step:  Ratio:     Energy:   Order:
#=====================================================
   00000    0.5000   -1705.3927  0.2641 
   00001    0.6913   -2429.3580  0.2592 
   00002    0.6300   -2939.2504  0.2773 
   00003    0.5687   -3243.9776  0.2723 
   00004    0.5594   -3520.3775  0.2723 
   00005    0.5556   -3743.4221  0.2828 
   00006    0.5375   -3940.5507  0.2890 
   00007    0.5000   -4100.1399  0.3100 
   00008    0.5025   -4245.5433  0.3092 
   00009    0.4794   -4340.0576  0.3194 
   00010    0.4800   -4449.1046  0.3217 
   00011    0.4775   -4541.3205  0.3290 
   00012    0.4650   -4568.0053  0.3459 
   00013    0.4363   -4635.4824  0.3423 
   00014    0.4631   -4693.3654  0.3463 
   00015    0.4544   -4768.9145  0.3485 
   00016    0.4606   -4815.7467  0.3630 
   00017    0.4338   -4894.2542  0.3621 
   00018    0.4406   -4911.3649  0.3735 
   00019    0.4537   -4911.7497  0.3731 
   00020    0.4619   -4911.5571  0.3688 
   00021    0.4594   -4932.0658  0.3747 
   00022    0.4412   -4919.7802  0.3825 
   00023    0.4338   -4951.2395  0.3816 
   00024    0.4250   -4945.9771  0.3847 
   00025    0.4625   -4961.8352  0.3865 
   00026    0.4519   -4950.9078  0.3946 
   00027    0.4313   -4965.1051  0.3913 
   00028    0.4469   -4959.3632  0.3981 
   00029    0.4338   -5001.7522  0.3950 
   00030    0.4306   -5003.6491  0.3920 
   00031    0.4356   -4984.6568  0.3964 
   00032    0.4544   -5021.9487  0.4046 
   00033    0.4350   -5069.9369  0.4158 
   00034    0.4169   -5104.2662  0.4246 
   00035    0.4250   -5102.8728  0.4340 
   00036    0.4450   -5086.0453  0.4434 
   00037    0.4437   -5083.4921  0.4472 
   00038    0.4475   -5092.8125  0.4512 
   00039    0.4450   -5098.3689  0.4590 
   00040    0.4519   -5121.0009  0.4629 
   00041    0.4056   -5125.5196  0.4624 
   00042    0.4044   -5168.8299  0.4572 
   00043    0.4163   -5126.3422  0.4527 
   00044    0.4300   -5153.7934  0.4568 
   00045    0.4244   -5170.1632  0.4619 
   00046    0.4556   -5159.0623  0.4578 
   00047    0.4338   -5207.9447  0.4619 
   00048    0.4231   -5200.2509  0.4634 
   00049    0.4437   -5224.2404  0.4696 
   00050    0.4256   -5242.0965  0.4706 
   00051    0.4181   -5236.3303  0.4676 
   00052    0.4163   -5245.6960  0.4739 
   00053    0.4131   -5246.7520  0.4745 
   00054    0.3975   -5202.3807  0.4878 
   00055    0.4319   -5249.6075  0.4935 
   00056    0.4369   -5237.4646  0.5020 
   00057    0.4319   -5226.9762  0.4986 
   00058    0.4144   -5243.9064  0.4947 
   00059    0.4150   -5245.6980  0.4917 
   00060    0.4106   -5256.5402  0.4868 
   00061    0.4625   -5254.5545  0.4803 
   00062    0.4200   -5269.4067  0.4784 
   00063    0.4356   -5277.0234  0.4708 
   00064    0.4175   -5296.0658  0.4783 
   00065    0.4181   -5297.9768  0.4900 
   00066    0.4200   -5325.7989  0.4836 
   00067    0.4225   -5302.0111  0.4846 
   00068    0.4238   -5311.5890  0.4835 
   00069    0.4375   -5314.5860  0.4925 
   00070    0.4094   -5307.2006  0.4962 
   00071    0.4113   -5306.1617  0.5005 
   00072    0.4062   -5285.8079  0.4976 
   00073    0.4194   -5322.3983  0.4912 
   00074    0.4369   -5342.4597  0.4946 
   00075    0.4075   -5305.9500  0.4998 
   00076    0.4231   -5363.2638  0.5084 
   00077    0.3912   -5336.7316  0.5071 
   00078    0.4238   -5356.4375  0.5047 
   00079    0.4050   -5356.3160  0.5100 
   00080    0.4263   -5363.2044  0.5120 
   00081    0.4119   -5349.3881  0.5110 
   00082    0.4244   -5324.2621  0.5121 
   00083    0.4169   -5327.4148  0.5182 
   00084    0.4356   -5331.9530  0.5209 
   00085    0.4319   -5341.3906  0.5188 
   00086    0.4213   -5328.3778  0.5180 
   00087    0.4081   -5359.3346  0.5204 
   00088    0.4044   -5356.9405  0.5292 
   00089    0.4069   -5366.4527  0.5371 
   00090    0.4037   -5346.0502  0.5331 
   00091    0.4263   -5341.5680  0.5284 
   00092    0.4300   -5341.5308  0.5294 
   00093    0.4069   -5349.6356  0.5304 
   00094    0.4144   -5340.2836  0.5349 
   00095    0.4050   -5341.3454  0.5360 
   00096    0.4138   -5359.8669  0.5407 
   00097    0.4125   -5315.2778  0.5360 
   00098    0.4213   -5312.8478  0.5386 
   00099    0.4175   -5348.9756  0.5341 
   00100    0.4406   -5312.9938  0.5288 
   00101    0.4269   -5348.1591  0.5311 
   00102    0.4119   -5365.6755  0.5264 
   00103    0.4044   -5399.5442  0.5234 
   00104    0.4044   -5405.7890  0.5270 
   00105    0.4094   -5424.5608  0.5300 
   00106    0.3856   -5399.1191  0.5271 
   00107    0.4106   -5387.5709  0.5209 
   00108    0.4281   -5401.8858  0.5229 
   00109    0.4256   -5376.7480  0.5314 
   00110    0.4113   -5369.8619  0.5367 
   00111    0.4088   -5379.9582  0.5384 
   00112    0.4325   -5348.8359  0.5391 
   00113    0.4088   -5392.5982  0.5456 
   00114    0.4194   -5405.0707  0.5491 
   00115    0.4213   -5422.0508  0.5545 
   00116    0.3956   -5405.3161  0.5537 
   00117    0.3900   -5412.9366  0.5513 
   00118    0.4050   -5417.6045  0.5629 
   00119    0.4175   -5414.1351  0.5652 
   00120    0.4012   -5428.1777  0.5738 
   00121    0.4156   -5433.3536  0.5713 
   00122    0.4363   -5439.3463  0.5734 
   00123    0.4206   -5460.8106  0.5695 
   00124    0.4131   -5463.3130  0.5732 
   00125    0.4244   -5465.0075  0.5837 
   00126    0.4225   -5429.6137  0.5764 
   00127    0.3950   -5434.0207  0.5762 
   00128    0.4056   -5424.1427  0.5869 
   00129    0.4119   -5424.4014  0.5949 
   00130    0.4000   -5451.3689  0.5935 
   00131    0.4000   -5421.8365  0.5885 
   00132    0.4081   -5450.0725  0.5904 
   00133    0.4012   -5424.8151  0.5851 
   00134    0.4113   -5392.2239  0.5895 
   00135    0.4094   -5374.9505  0.5888 
   00136    0.3987   -5399.3088  0.5875 
   00137    0.4131   -5363.7873  0.5818 
   00138    0.4331   -5419.8471  0.5838 
   00139    0.4144   -5421.8122  0.5805 
   00140    0.3937   -5435.5638  0.5760 
   00141    0.4325   -5447.2539  0.5818 
   00142    0.4050   -5419.2517  0.5830 
   00143    0.4094   -5439.0389  0.5873 
   00144    0.3981   -5435.3538  0.5884 
   00145    0.4006   -5469.6714  0.5904 
   00146    0.3981   -5449.0457  0.5911 
   00147    0.3950   -5460.9115  0.5861 
   00148    0.4144   -5455.1303  0.5856 
   00149    0.4263   -5448.3097  0.5875 
   00150    0.4088   -5476.8635  0.5941 
   00151    0.3994   -5474.2607  0.5992 
   00152    0.4106   -5469.7241  0.6121 
   00153    0.4163   -5468.0583  0.6084 
   00154    0.4194   -5463.0776  0.6144 
   00155    0.4050   -5454.1575  0.6160 
   00156    0.4288   -5463.1207  0.6197 
   00157    0.4069   -5481.9963  0.6249 
   00158    0.4119   -5460.0482  0.6210 
   00159    0.4081   -5485.0552  0.6221 
   00160    0.4381   -5521.7483  0.6189 
   00161    0.4125   -5491.0547  0.6199 
   00162    0.4050   -5459.8566  0.6222 
   00163    0.4363   -5489.3647  0.6256 
   00164    0.4081   -5499.7394  0.6275 
   00165    0.3962   -5474.0977  0.6240 
   00166    0.3894   -5441.3171  0.6231 
   00167    0.4313   -5440.1919  0.6270 
   00168    0.4106   -5444.5237  0.6286 
   00169    0.4131   -5439.3442  0.6375 
   00170    0.4163   -5445.2513  0.6399 
   00171    0.4306   -5437.7582  0.6324 
   00172    0.4125   -5423.3514  0.6342 
   00173    0.4294   -5426.7617  0.6364 
   00174    0.4100   -5411.5721  0.6400 
   00175    0.4169   -5405.6941  0.6353 
   00176    0.4088   -5387.8020  0.6321 
   00177    0.4431   -5359.9290  0.6331 
   00178    0.4138   -5412.3832  0.6333 
   00179    0.4256   -5456.0848  0.6369 
   00180    0.3919   -5436.4857  0.6412 
   00181    0.3987   -5428.6925  0.6393 
   00182    0.4056   -5425.6244  0.6361 
   00183    0.4100   -5421.6598  0.6431 
   00184    0.4219   -5412.7784  0.6402 
   00185    0.4044   -5373.4312  0.6442 
   00186    0.4188   -5387.3861  0.6444 
   00187    0.4456   -5411.0856  0.6423 
   00188    0.4037   -5411.0540  0.6443 
   00189    0.3994   -5411.1621  0.6456 
   00190    0.4163   -5376.1500  0.6514 
   00191    0.4150   -5360.8372  0.6503 
   00192    0.4338   -5358.4584  0.6458 
   00193    0.4037   -5382.2624  0.6424 
   00194    0.4131   -5360.2710  0.6395 
   00195    0.4338   -5374.0731  0.6446 
   00196    0.4294   -5400.3847  0.6475 
   00197    0.4244   -5423.9851  0.6531 
   00198    0.4062   -5430.6857  0.6560 
   00199    0.4100   -5408.4011  0.6486 
   00200    0.4019   -5406.2647  0.6564 
   00201    0.3969   -5440.5156  0.6573 
   00202    0.3906   -5458.9113  0.6550 
   00203    0.4163   -5443.0707  0.6603 
   00204    0.4425   -5453.2260  0.6559 
   00205    0.4075   -5431.9170  0.6537 
   00206    0.4138   -5453.5837  0.6588 
   00207    0.4019   -5462.6924  0.6524 
   00208    0.3975   -5433.0628  0.6540 
   00209    0.3994   -5440.7060  0.6550 
   00210    0.4300   -5429.6247  0.6567 
   00211    0.4075   -5431.1061  0.6555 
   00212    0.4275   -5427.4887  0.6506 
   00213    0.4088   -5415.1468  0.6487 
   00214    0.4106   -5409.5957  0.6460 
   00215    0.4125   -5448.7003  0.6517 
   00216    0.4069   -5441.1681  0.6516 
   00217    0.4044   -5416.2421  0.6517 
   00218    0.4163   -5403.7967  0.6481 
   00219    0.4288   -5443.6775  0.6543 
   00220    0.4156   -5464.5770  0.6535 
   00221    0.4238   -5447.8227  0.6537 
   00222    0.4056   -5446.9876  0.6592 
   00223    0.4006   -5424.8510  0.6605 
   00224    0.4263   -5398.9831  0.6549 
   00225    0.4263   -5393.5267  0.6413 
   00226    0.4169   -5397.8066  0.6506 
   00227    0.4006   -5430.0674  0.6497 
   00228    0.4075   -5445.5418  0.6451 
   00229    0.4125   -5419.6612  0.6356 
   00230    0.4037   -5446.3969  0.6309 
   00231    0.4238   -5470.4792  0.6411 
   00232    0.4062   -5418.8020  0.6335 
   00233    0.4213   -5381.0848  0.6347 
   00234    0.4056   -5395.2436  0.6356 
   00235    0.4081   -5422.7493  0.6409 
   00236    0.4250   -5400.8775  0.6392 
   00237    0.4319   -5472.0016  0.6418 
   00238    0.4138   -5445.2466  0.6436 
   00239    0.4269   -5466.2046  0.6371 
   00240    0.4044   -5491.7851  0.6442 
   00241    0.4131   -5499.9467  0.6445 
   00242    0.4094   -5501.5303  0.6482 
   00243    0.4075   -5480.3478  0.6459 
   00244    0.3894   -5476.3024  0.6451 
   00245    0.4106   -5470.3751  0.6436 
   00246    0.4019   -5415.9295  0.6452 
   00247    0.4331   -5378.1668  0.6469 
   00248    0.4125   -5373.6686  0.6360 
   00249    0.3837   -5386.3263  0.6465 
   00250    0.3987   -5386.6135  0.6406 
   00251    0.4244   -5427.1743  0.6523 
   00252    0.4231   -5436.5999  0.6552 
   00253    0.4175   -5452.2093  0.6580 
   00254    0.4138   -5426.7801  0.6577 
   00255    0.4113   -5455.9815  0.6549 
   00256    0.4206   -5421.2217  0.6616 
   00257    0.4000   -5426.4193  0.6634 
   00258    0.4344   -5406.8748  0.6625 
   00259    0.4300   -5443.9874  0.6659 
   00260    0.4269   -5466.7368  0.6625 
   00261    0.3937   -5416.5141  0.6631 
   00262    0.4169   -5411.7549  0.6588 
   00263    0.4094   -5404.6179  0.6564 
   00264    0.4169   -5378.7948  0.6578 
   00265    0.4238   -5411.3436  0.6558 
   00266    0.4213   -5427.8289  0.6613 
   00267    0.4156   -5430.1817  0.6649 
   00268    0.4131   -5428.6847  0.6723 
   00269    0.3994   -5433.8850  0.6661 
   00270    0.4081   -5434.7198  0.6714 
   00271    0.4175   -5446.8376  0.6712 
   00272    0.4100   -5402.7052  0.6735 
   00273    0.4056   -5424.6084  0.6722 
   00274    0.4150   -5407.3488  0.6625 
   00275    0.4250   -5412.7643  0.6647 
   00276    0.4250   -5417.5000  0.6629 
   00277    0.3900   -5400.0761  0.6584 
   00278    0.4163   -5438.7556  0.6644 
   00279    0.4331   -5400.2848  0.6545 
   00280    0.4300   -5414.3185  0.6545 
   00281    0.4169   -5422.3573  0.6485 
   00282    0.4031   -5451.5661  0.6575 
   00283    0.4250   -5469.1234  0.6605 
   00284    0.3962   -5448.3537  0.6598 
   00285    0.4219   -5481.2936  0.6607 
   00286    0.4194   -5450.5590  0.6642 
   00287    0.4319   -5414.5164  0.6648 
   00288    0.4069   -5463.0758  0.6724 
   00289    0.4356   -5401.6046  0.6691 
   00290    0.4213   -5431.7817  0.6672 
   00291    0.3987   -5429.8458  0.6708 
   00292    0.3969   -5434.4803  0.6717 
   00293    0.4213   -5448.1181  0.6725 
   00294    0.4206   -5451.9047  0.6712 
   00295    0.4088   -5413.9337  0.6679 
   00296    0.4088   -5402.1215  0.6681 
   00297    0.4169   -5377.8161  0.6647 
   00298    0.4238   -5368.3274  0.6671 
   00299    0.4281   -5412.5196  0.6695 
   00300    0.4263   -5439.6392  0.6682 
   00301    0.4188   -5440.1139  0.6671 
   00302    0.4000   -5430.6188  0.6696 
   00303    0.4300   -5434.2094  0.6693 
   00304    0.4181   -5412.3676  0.6724 
   00305    0.4231   -5393.6464  0.6693 
   00306    0.4044   -5431.7986  0.6670 
   00307    0.4019   -5398.8323  0.6673 
   00308    0.4219   -5401.6445  0.6684 
   00309    0.4031   -5419.0851  0.6697 
   00310    0.4012   -5453.4864  0.6726 
   00311    0.3944   -5440.8234  0.6728 
   00312    0.3950   -5450.8672  0.6823 
   00313    0.4256   -5445.7000  0.6852 
   00314    0.4250   -5446.9217  0.6843 
   00315    0.3975   -5440.8942  0.6837 
   00316    0.3950   -5427.6951  0.6864 
   00317    0.4188   -5407.9820  0.6867 
   00318    0.3994   -5412.6274  0.6877 
   00319    0.3875   -5355.8167  0.6835 
   00320    0.3987   -5420.8320  0.6855 
   00321    0.4050   -5448.7604  0.6846 
   00322    0.4381   -5454.5967  0.6897 
   00323    0.4050   -5450.8676  0.6945 
   00324    0.4206   -5463.1382  0.6930 
   00325    0.4031   -5458.8503  0.6949 
   00326    0.4238   -5473.2898  0.6872 
   00327    0.4231   -5468.9398  0.6914 
   00328    0.3894   -5491.4295  0.6968 
   00329    0.4250   -5490.4732  0.7005 
   00330    0.4200   -5492.0696  0.6989 
   00331    0.4050   -5498.9289  0.7002 
   00332    0.3981   -5515.9510  0.7032 
   00333    0.3725   -5528.5020  0.7060 
   00334    0.3975   -5522.0261  0.7012 
   00335    0.4150   -5537.4575  0.6924 
   00336    0.4181   -5513.3072  0.6882 
   00337    0.3925   -5487.7940  0.6950 
   00338    0.4125   -5487.0905  0.6969 
   00339    0.4181   -5477.2912  0.6961 
   00340    0.4163   -5452.7495  0.6960 
   00341    0.4306   -5445.7635  0.6856 
   00342    0.4069   -5462.8894  0.6873 
   00343    0.4150   -5440.6469  0.6888 
   00344    0.4250   -5441.6166  0.6830 
   00345    0.4012   -5458.9885  0.6862 
   00346    0.4050   -5456.6895  0.6859 
   00347    0.4231   -5457.3030  0.6889 
   00348    0.4369   -5442.2426  0.6833 
   00349    0.3969   -5450.2306  0.6764 
   00350    0.4113   -5441.9007  0.6697 
   00351    0.4188   -5410.2289  0.6690 
   00352    0.4225   -5428.8809  0.6659 
   00353    0.4069   -5435.1016  0.6647 
   00354    0.4213   -5417.0864  0.6642 
   00355    0.4062   -5390.0030  0.6705 
   00356    0.4331   -5418.3533  0.6677 
   00357    0.4350   -5459.4474  0.6763 
   00358    0.4100   -5466.0154  0.6826 
   00359    0.4056   -5432.6027  0.6780 
   00360    0.4313   -5423.9882  0.6881 
   00361    0.4206   -5455.6634  0.6960 
   00362    0.3825   -5435.9630  0.7005 
   00363    0.4194   -5447.4019  0.7042 
   00364    0.4269   -5450.1328  0.7077 
   00365    0.4150   -5457.2820  0.6982 
   00366    0.4169   -5426.9290  0.6893 
   00367    0.4062   -5484.3909  0.6947 
   00368    0.4206   -5459.1160  0.6954 
   00369    0.4131   -5507.9837  0.6969 
   00370    0.4094   -5538.1513  0.7007 
   00371    0.4025   -5501.8056  0.7023 
   00372    0.4019   -5513.8162  0.7074 
   00373    0.4056   -5537.3560  0.7115 
   00374    0.4106   -5544.2898  0.7112 
   00375    0.4138   -5520.0665  0.7117 
   00376    0.4094   -5515.8740  0.7020 
   00377    0.4006   -5489.5823  0.7029 
   00378    0.4225   -5461.4338  0.6983 
   00379    0.3787   -5457.7415  0.6958 
   00380    0.4194   -5456.9417  0.6912 
   00381    0.4263   -5469.4388  0.6889 
   00382    0.4062   -5469.0233  0.6928 
   00383    0.4456   -5431.7999  0.6912 
   00384    0.4094   -5444.0543  0.6984 
   00385    0.4006   -5423.3074  0.6949 
   00386    0.4025   -5436.2622  0.7024 
   00387    0.4325   -5435.8955  0.7101 
   00388    0.4144   -5433.2694  0.7115 
   00389    0.4225   -5404.6172  0.7129 
   00390    0.3775   -5414.1084  0.7172 
   00391    0.4119   -5435.6135  0.7169 
   00392    0.4319   -5432.5437  0.7162 
   00393    0.4138   -5386.6212  0.7124 
   00394    0.4319   -5387.9821  0.7086 
   00395    0.4331   -5438.2991  0.7136 
   00396    0.3937   -5447.6975  0.7117 
   00397    0.4181   -5420.8184  0.7103 
   00398    0.4062   -5433.7032  0.7110 
   00399    0.4275   -5453.3386  0.7138 
   00400    0.4200   -5487.7331  0.7212 
   00401    0.4025   -5461.1785  0.7193 
   00402    0.4044   -5474.8489  0.7232 
   00403    0.4100   -5471.3287  0.7188 
   00404    0.4156   -5449.0382  0.7143 
   00405    0.4150   -5451.5999  0.7133 
   00406    0.4119   -5462.9529  0.7206 
   00407    0.4256   -5497.5157  0.7122 
   00408    0.4075   -5440.4544  0.7065 
   00409    0.4200   -5459.3999  0.7096 
   00410    0.4113   -5451.3224  0.7081 
   00411    0.4319   -5452.1087  0.7107 
   00412    0.3950   -5470.3353  0.7055 
   00413    0.4012   -5460.1349  0.7127 
   00414    0.4006   -5435.8205  0.7105 
   00415    0.4100   -5474.1202  0.7134 
   00416    0.4144   -5487.8415  0.7173 
   00417    0.3994   -5505.6700  0.7157 
   00418    0.4131   -5518.5604  0.7170 
   00419    0.3937   -5503.4041  0.7154 
   00420    0.4000   -5497.5613  0.7159 
   00421    0.4075   -5497.5718  0.7123 
   00422    0.4238   -5512.6716  0.7166 
   00423    0.4125   -5497.5742  0.7147 
   00424    0.4088   -5461.8014  0.7108 
   00425    0.4181   -5460.6320  0.7076 
   00426    0.4238   -5446.3315  0.7025 
   00427    0.4313   -5461.6951  0.7087 
   00428    0.4313   -5477.1202  0.7113 
   00429    0.3937   -5452.6537  0.7071 
   00430    0.4163   -5471.3803  0.7126 
   00431    0.4012   -5502.6311  0.7129 
   00432    0.3987   -5489.3334  0.7112 
   00433    0.4156   -5534.8197  0.7158 
   00434    0.3975   -5540.2581  0.7180 
   00435    0.3950   -5514.3433  0.7113 
   00436    0.4050   -5492.2911  0.7024 
   00437    0.3981   -5484.8788  0.7049 
   00438    0.3875   -5472.2963  0.7083 
   00439    0.4050   -5500.9637  0.7167 
   00440    0.4344   -5508.2489  0.7261 
   00441    0.4175   -5485.9106  0.7201 
   00442    0.4144   -5472.2778  0.7266 
   00443    0.4231   -5479.1578  0.7311 
   00444    0.3975   -5457.4036  0.7348 
   00445    0.4169   -5478.1637  0.7402 
   00446    0.4044   -5469.0999  0.7456 
   00447    0.4194   -5463.2282  0.7499 
   00448    0.4156   -5472.3775  0.7440 
   00449    0.3956   -5463.3568  0.7482 
   00450    0.4131   -5486.7552  0.7426 
   00451    0.4037   -5496.2263  0.7464 
   00452    0.4000   -5505.7952  0.7446 
   00453    0.3894   -5492.1696  0.7450 
   00454    0.4119   -5470.4212  0.7449 
   00455    0.3825   -5474.8156  0.7427 
   00456    0.3931   -5433.0143  0.7410 
   00457    0.3931   -5449.2192  0.7469 
   00458    0.4106   -5446.0430  0.7469 
   00459    0.4325   -5448.5032  0.7489 
   00460    0.3962   -5455.4431  0.7455 
   00461    0.4056   -5423.7570  0.7461 
   00462    0.4331   -5459.1898  0.7458 
   00463    0.4119   -5447.0527  0.7457 
   00464    0.4037   -5479.7187  0.7483 
   00465    0.4169   -5443.3422  0.7402 
   00466    0.4306   -5426.2265  0.7433 
   00467    0.4150   -5430.1145  0.7403 
   00468    0.4225   -5424.3045  0.7462 
   00469    0.4094   -5422.2883  0.7407 
   00470    0.4100   -5452.8197  0.7336 
   00471    0.4144   -5393.6451  0.7329 
   00472    0.4244   -5423.4112  0.7383 
   00473    0.4150   -5452.1630  0.7381 
   00474    0.3887   -5432.0631  0.7337 
   00475    0.4100   -5433.1983  0.7379 
   00476    0.4088   -5441.6104  0.7361 
   00477    0.4025   -5476.4875  0.7403 
   00478    0.4313   -5476.6554  0.7449 
   00479    0.4100   -5453.0501  0.7388 
   00480    0.4169   -5483.9420  0.7472 
   00481    0.3881   -5489.3008  0.7444 
   00482    0.4025   -5443.0901  0.7362 
   00483    0.4206   -5487.4097  0.7386 
   00484    0.4206   -5498.8000  0.7481 
   00485    0.4031   -5498.1152  0.7462 
   00486    0.4000   -5523.2260  0.7513 
   00487    0.4125   -5518.7257  0.7504 
   00488    0.4113   -5485.6802  0.7522 
   00489    0.4119   -5461.2114  0.7490 
   00490    0.4131   -5489.1265  0.7446 
   00491    0.4169   -5477.2488  0.7427 
   00492    0.3956   -5464.7208  0.7443 
   00493    0.3900   -5466.9089  0.7401 
   00494    0.3944   -5453.1041  0.7409 
   00495    0.4150   -5463.4295  0.7367 
   00496    0.3887   -5445.4466  0.7381 
   00497    0.4275   -5467.4131  0.7374 
   00498    0.4125   -5460.0813  0.7399 
   00499    0.4031   -5463.7480  0.7389 
   00500    0.4012   -5467.2241  0.7419 
   00501    0.4056   -5482.8355  0.7377 
   00502    0.4056   -5474.0424  0.7323 
   00503    0.4156   -5452.8336  0.7300 
   00504    0.4181   -5455.5536  0.7319 
   00505    0.4150   -5465.4504  0.7303 
   00506    0.4113   -5483.7688  0.7422 
   00507    0.4081   -5503.0227  0.7469 
   00508    0.4219   -5472.5505  0.7483 
   00509    0.4044   -5504.3909  0.7526 
   00510    0.4094   -5497.7989  0.7530 
   00511    0.4012   -5496.6433  0.7580 
   00512    0.4338   -5492.5334  0.7584 
   00513    0.3887   -5475.6174  0.7567 
   00514    0.3912   -5446.1704  0.7511 
   00515    0.4075   -5470.1621  0.7501 
   00516    0.3900   -5454.5124  0.7481 
   00517    0.4006   -5478.9383  0.7468 
   00518    0.3969   -5445.4827  0.7405 
   00519    0.4019   -5457.9589  0.7388 
   00520    0.4144   -5461.8135  0.7382 
   00521    0.4313   -5484.1992  0.7442 
   00522    0.4006   -5443.9990  0.7426 
   00523    0.4225   -5406.4705  0.7411 
   00524    0.3856   -5455.1742  0.7395 
   00525    0.3962   -5423.1844  0.7326 
   00526    0.3831   -5407.7404  0.7260 
   00527    0.3969   -5403.7742  0.7174 
   00528    0.4069   -5409.1997  0.7208 
   00529    0.4250   -5420.4633  0.7211 
   00530    0.4094   -5429.9169  0.7224 
   00531    0.4100   -5439.3712  0.7259 
   00532    0.3950   -5441.1472  0.7234 
   00533    0.4050   -5447.1316  0.7302 
   00534    0.4163   -5450.2935  0.7289 
   00535    0.4238   -5422.8760  0.7284 
   00536    0.4194   -5415.8975  0.7360 
   00537    0.4175   -5404.2441  0.7284 
   00538    0.4056   -5449.3348  0.7318 
   00539    0.4194   -5453.3778  0.7283 
   00540    0.4037   -5443.0198  0.7346 
   00541    0.4144   -5470.1167  0.7352 
   00542    0.4181   -5454.1287  0.7376 
   00543    0.4144   -5437.3115  0.7355 
   00544    0.4019   -5386.6171  0.7315 
   00545    0.4294   -5419.4715  0.7375 
   00546    0.4088   -5456.0835  0.7409 
   00547    0.4119   -5400.3564  0.7391 
   00548    0.3994   -5419.6827  0.7429 
   00549    0.4256   -5433.9596  0.7436 
   00550    0.4225   -5442.2103  0.7438 
   00551    0.4119   -5474.3562  0.7514 
   00552    0.4044   -5472.1959  0.7535 
   00553    0.3919   -5453.8918  0.7503 
   00554    0.3887   -5467.7722  0.7470 
   00555    0.3969   -5456.9246  0.7479 
   00556    0.4037   -5450.0337  0.7515 
   00557    0.3950   -5451.4981  0.7447 
   00558    0.4263   -5424.3716  0.7493 
   00559    0.4088   -5426.5904  0.7432 
   00560    0.4231   -5455.5138  0.7418 
   00561    0.4006   -5431.7243  0.7441 
   00562    0.4250   -5430.2845  0.7415 
   00563    0.4156   -5451.4754  0.7487 
   00564    0.4081   -5402.4239  0.7407 
   00565    0.4206   -5403.7185  0.7489 
   00566    0.4075   -5402.6636  0.7493 
   00567    0.4113   -5411.5482  0.7469 
   00568    0.4138   -5438.4273  0.7480 
   00569    0.4200   -5469.1041  0.7493 
   00570    0.3925   -5477.7166  0.7490 
   00571    0.4138   -5467.6738  0.7496 
   00572    0.4056   -5467.5967  0.7500 
   00573    0.3969   -5492.1187  0.7541 
   00574    0.4206   -5486.8258  0.7559 
   00575    0.4006   -5519.9105  0.7530 
   00576    0.4056   -5472.6203  0.7502 
   00577    0.4062   -5483.0568  0.7538 
   00578    0.4188   -5541.2575  0.7590 
   00579    0.4250   -5507.5488  0.7615 
   00580    0.4000   -5489.6861  0.7565 
   00581    0.4044   -5480.0306  0.7525 
   00582    0.4094   -5457.3758  0.7537 
   00583    0.3900   -5471.2701  0.7583 
   00584    0.4288   -5478.8235  0.7560 
   00585    0.3950   -5450.0151  0.7574 
   00586    0.4213   -5443.3977  0.7611 
   00587    0.3912   -5415.2495  0.7567 
   00588    0.4269   -5408.1550  0.7569 
   00589    0.4156   -5411.3129  0.7531 
   00590    0.4163   -5444.7415  0.7571 
   00591    0.4037   -5427.2869  0.7604 
   00592    0.4113   -5401.8832  0.7582 
   00593    0.3881   -5426.5444  0.7565 
   00594    0.3937   -5423.5501  0.7600 
   00595    0.4138   -5445.3791  0.7624 
   00596    0.4106   -5433.1027  0.7654 
   00597    0.4206   -5440.2617  0.7667 
   00598    0.4163   -5445.9070  0.7691 
   00599    0.4169   -5441.2706  0.7685 
   00600    0.4088   -5440.4394  0.7653 
   00601    0.4106   -5424.1579  0.7614 
   00602    0.3937   -5390.1820  0.7573 
   00603    0.4113   -5419.9153  0.7521 
   00604    0.4188   -5402.0841  0.7483 
   00605    0.4069   -5380.8516  0.7527 
   00606    0.4462   -5415.5143  0.7544 
   00607    0.4213   -5446.6020  0.7616 
   00608    0.4188   -5424.5341  0.7555 
   00609    0.4163   -5434.1731  0.7588 
   00610    0.4088   -5408.8841  0.7592 
   00611    0.4144   -5451.7413  0.7647 
   00612    0.4163   -5457.9435  0.7655 
   00613    0.4125   -5473.6319  0.7688 
   00614    0.4088   -5457.7637  0.7669 
   00615    0.4062   -5464.8895  0.7700 
   00616    0.4031   -5482.1333  0.7676 
   00617    0.4075   -5505.3508  0.7669 
   00618    0.4200   -5488.9270  0.7691 
   00619    0.4313   -5436.5411  0.7660 
   00620    0.4200   -5439.9459  0.7724 
   00621    0.4138   -5470.4453  0.7680 
   00622    0.4000   -5460.8074  0.7643 
   00623    0.4175   -5463.7922  0.7632 
   00624    0.4175   -5456.1955  0.7589 
   00625    0.4288   -5446.3395  0.7577 
   00626    0.4194   -5487.3639  0.7659 
   00627    0.4062   -5456.1421  0.7668 
   00628    0.4163   -5433.9625  0.7605 
   00629    0.4019   -5420.4440  0.7581 
   00630    0.4331   -5457.3683  0.7537 
   00631    0.3944   -5475.6708  0.7529 
   00632    0.4175   -5481.6488  0.7509 
   00633    0.4144   -5484.9589  0.7526 
   00634    0.4106   -5466.2809  0.7495 
   00635    0.4019   -5439.2976  0.7437 
   00636    0.4119   -5419.0683  0.7342 
   00637    0.4219   -5408.4954  0.7349 
   00638    0.3994   -5408.2680  0.7319 
   00639    0.4188   -5425.9324  0.7325 
   00640    0.3875   -5404.1083  0.7359 
   00641    0.4088   -5426.7151  0.7331 
   00642    0.4181   -5418.1666  0.7368 
   00643    0.4031   -5443.8373  0.7386 
   00644    0.3937   -5450.1291  0.7413 
   00645    0.4106   -5455.9329  0.7383 
   00646    0.4062   -5488.7922  0.7500 
   00647    0.3994   -5469.3582  0.7494 
   00648    0.4150   -5473.4176  0.7519 
   00649    0.4512   -5453.0146  0.7440 
   00650    0.4250   -5482.9366  0.7418 
   00651    0.4088   -5491.7282  0.7390 
   00652    0.3925   -5479.2402  0.7326 
   00653    0.4313   -5458.2876  0.7327 
   00654    0.4169   -5447.4211  0.7372 
   00655    0.4206   -5429.1273  0.7302 
   00656    0.4069   -5450.7891  0.7400 
   00657    0.3925   -5419.6987  0.7336 
   00658    0.4069   -5425.3031  0.7306 
   00659    0.4263   -5420.4050  0.7323 
   00660    0.3831   -5432.1247  0.7365 
   00661    0.4156   -5463.6083  0.7437 
   00662    0.4088   -5463.9541  0.7405 
   00663    0.4037   -5435.8970  0.7397 
   00664    0.4169   -5429.1457  0.7331 
   00665    0.4006   -5428.8606  0.7316 
   00666    0.4075   -5417.0405  0.7318 
   00667    0.4281   -5420.5284  0.7342 
   00668    0.4119   -5423.7964  0.7354 
   00669    0.4037   -5441.4032  0.7361 
   00670    0.4075   -5429.1126  0.7371 
   00671    0.4225   -5427.0226  0.7377 
   00672    0.4069   -5358.9755  0.7352 
   00673    0.4131   -5346.2461  0.7329 
   00674    0.4294   -5372.2144  0.7341 
   00675    0.4294   -5421.2032  0.7453 
   00676    0.4200   -5472.0586  0.7482 
   00677    0.4050   -5528.8910  0.7520 
   00678    0.4106   -5495.8735  0.7489 
   00679    0.3831   -5498.7631  0.7508 
   00680    0.4113   -5496.2580  0.7506 
   00681    0.4219   -5528.4670  0.7495 
   00682    0.4219   -5460.0946  0.7499 
   00683    0.4150   -5440.8375  0.7496 
   00684    0.4125   -5485.3333  0.7588 
   00685    0.3781   -5425.4966  0.7514 
   00686    0.3994   -5421.7461  0.7509 
   00687    0.4037   -5471.2223  0.7570 
   00688    0.4138   -5465.8450  0.7651 
   00689    0.4200   -5471.8202  0.7678 
   00690    0.4000   -5456.7059  0.7624 
   00691    0.4156   -5466.0789  0.7575 
   00692    0.4131   -5475.3895  0.7595 
   00693    0.4263   -5469.8538  0.7542 
   00694    0.4031   -5452.4659  0.7525 
   00695    0.4200   -5464.5370  0.7520 
   00696    0.4156   -5494.0597  0.7542 
   00697    0.4250   -5443.4260  0.7495 
   00698    0.4313   -5441.8011  0.7527 
   00699    0.4181   -5444.4630  0.7584 
   00700    0.4044   -5415.8164  0.7577 
   00701    0.4131   -5439.2470  0.7671 
   00702    0.4031   -5478.7247  0.7702 
   00703    0.4037   -5449.2895  0.7670 
   00704    0.4031   -5472.1223  0.7682 
   00705    0.4156   -5482.2863  0.7712 
   00706    0.4019   -5495.7599  0.7683 
   00707    0.3794   -5474.2447  0.7665 
   00708    0.4350   -5486.7210  0.7719 
   00709    0.4269   -5485.8032  0.7750 
   00710    0.4256   -5440.0077  0.7688 
   00711    0.4075   -5412.1902  0.7679 
   00712    0.4263   -5389.8929  0.7574 
   00713    0.4300   -5399.8925  0.7610 
   00714    0.4219   -5414.1426  0.7615 
   00715    0.4300   -5435.2450  0.7615 
   00716    0.4062   -5471.5771  0.7648 
   00717    0.4175   -5472.8029  0.7612 
   00718    0.4012   -5471.0634  0.7579 
   00719    0.4019   -5472.0157  0.7595 
   00720    0.4044   -5481.3117  0.7614 
   00721    0.3825   -5493.4259  0.7609 
   00722    0.3987   -5501.8878  0.7661 
   00723    0.4138   -5485.3115  0.7668 
   00724    0.4100   -5464.0510  0.7653 
   00725    0.4031   -5477.8643  0.7619 
   00726    0.4088   -5470.1790  0.7660 
   00727    0.4400   -5480.6438  0.7657 
   00728    0.4281   -5425.7158  0.7603 
   00729    0.4350   -5419.9821  0.7518 
   00730    0.4150   -5432.0490  0.7538 
   00731    0.4050   -5435.3094  0.7480 
   00732    0.4194   -5466.8441  0.7495 
   00733    0.4238   -5425.9968  0.7476 
   00734    0.4044   -5476.9680  0.7451 
   00735    0.4181   -5458.6507  0.7398 
   00736    0.4156   -5482.2649  0.7460 
   00737    0.4288   -5455.5187  0.7463 
   00738    0.4044   -5452.9800  0.7508 
   00739    0.4138   -5503.5130  0.7568 
   00740    0.3944   -5498.1364  0.7511 
   00741    0.4175   -5532.7717  0.7544 
   00742    0.4094   -5476.3053  0.7521 
   00743    0.4062   -5494.1933  0.7564 
   00744    0.4012   -5472.6484  0.7590 
   00745    0.4138   -5477.8675  0.7561 
   00746    0.3944   -5440.7620  0.7592 
   00747    0.4244   -5446.0169  0.7600 
   00748    0.4044   -5485.7495  0.7651 
   00749    0.4181   -5475.5373  0.7652 
   00750    0.4200   -5523.4225  0.7624 
   00751    0.4219   -5523.1064  0.7595 
   00752    0.4144   -5477.3668  0.7525 
   00753    0.3981   -5494.6834  0.7546 
   00754    0.4031   -5503.3699  0.7552 
   00755    0.4062   -5464.3308  0.7540 
   00756    0.4012   -5472.7669  0.7591 
   00757    0.4294   -5464.5324  0.7652 
   00758    0.4025   -5490.1061  0.7670 
   00759    0.3981   -5481.1804  0.7704 
   00760    0.4194   -5469.0713  0.7689 
   00761    0.4056   -5448.4783  0.7681 
   00762    0.4156   -5459.4434  0.7678 
   00763    0.4012   -5446.0972  0.7649 
   00764    0.4175   -5414.6552  0.7672 
   00765    0.3975   -5430.1744  0.7664 
   00766    0.4319   -5437.2234  0.7635 
   00767    0.3956   -5459.9298  0.7621 
   00768    0.4131   -5447.1252  0.7616 
   00769    0.3906   -5442.6127  0.7644 
   00770    0.4313   -5393.0924  0.7636 
   00771    0.4125   -5424.5532  0.7644 
   00772    0.4256   -5460.9307  0.7684 
   00773    0.3825   -5470.5174  0.7661 
   00774    0.4069   -5469.8386  0.7687 
   00775    0.4394   -5457.4988  0.7670 
   00776    0.4131   -5408.4930  0.7702 
   00777    0.4088   -5441.6866  0.7746 
   00778    0.3894   -5439.7971  0.7739 
   00779    0.3894   -5425.4969  0.7757 
   00780    0.4088   -5421.2172  0.7764 
   00781    0.4019   -5436.0694  0.7820 
   00782    0.4400   -5500.6542  0.7916 
   00783    0.4181   -5500.1246  0.7949 
   00784    0.3831   -5540.0667  0.7942 
   00785    0.4100   -5524.6857  0.7926 
   00786    0.3950   -5476.9522  0.7921 
   00787    0.4119   -5452.6272  0.7958 
   00788    0.4163   -5491.9274  0.7919 
   00789    0.4113   -5486.2350  0.7882 
   00790    0.4050   -5487.2970  0.7857 
   00791    0.4219   -5518.4826  0.7845 
   00792    0.3894   -5476.9477  0.7762 
   00793    0.4200   -5490.2506  0.7804 
   00794    0.4194   -5480.0585  0.7840 
   00795    0.4037   -5444.8197  0.7884 
   00796    0.4188   -5476.2462  0.7916 
   00797    0.4100   -5454.5687  0.7882 
   00798    0.4169   -5442.6494  0.7837 
   00799    0.4350   -5431.9361  0.7903 
   00800    0.4219   -5444.6676  0.7887 
   00801    0.3925   -5449.1022  0.7827 
   00802    0.4131   -5447.5885  0.7777 
   00803    0.4106   -5464.4383  0.7773 
   00804    0.4275   -5475.5913  0.7805 
   00805    0.4031   -5492.7101  0.7818 
   00806    0.3994   -5469.0009  0.7830 
   00807    0.4181   -5478.7648  0.7768 
   00808    0.4144   -5446.9259  0.7789 
   00809    0.4181   -5462.7060  0.7807 
   00810    0.4387   -5471.1597  0.7852 
   00811    0.4050   -5451.4385  0.7792 
   00812    0.4069   -5458.4352  0.7758 
   00813    0.4088   -5489.8601  0.7762 
   00814    0.4431   -5460.0574  0.7742 
   00815    0.4144   -5461.3882  0.7708 
   00816    0.3987   -5485.5022  0.7751 
   00817    0.4100   -5476.0761  0.7726 
   00818    0.3894   -5505.1278  0.7766 
   00819    0.4056   -5437.8084  0.7780 
   00820    0.4150   -5451.5812  0.7794 
   00821    0.4056   -5463.4277  0.7763 
   00822    0.4006   -5487.8267  0.7742 
   00823    0.4062   -5454.8986  0.7752 
   00824    0.4256   -5456.4233  0.7701 
   00825    0.3987   -5479.1708  0.7700 
   00826    0.4300   -5506.8287  0.7761 
   00827    0.3925   -5504.9534  0.7751 
   00828    0.4144   -5480.5165  0.7706 
   00829    0.3981   -5456.9203  0.7665 
   00830    0.4044   -5420.7422  0.7687 
   00831    0.4094   -5424.5761  0.7674 
   00832    0.4037   -5424.7829  0.7589 
   00833    0.4025   -5448.3268  0.7626 
   00834    0.4381   -5464.6489  0.7667 
   00835    0.4231   -5476.9880  0.7709 
   00836    0.4006   -5490.2591  0.7715 
   00837    0.3962   -5490.0999  0.7726 
   00838    0.4263   -5517.5178  0.7855 
   00839    0.4062   -5526.2975  0.7897 
   00840    0.3869   -5516.0606  0.7890 
   00841    0.4194   -5529.0012  0.7977 
   00842    0.4156   -5522.7501  0.7922 
   00843    0.4037   -5503.4548  0.7860 
   00844    0.3950   -5474.4241  0.7911 
   00845    0.4150   -5437.1523  0.7875 
   00846    0.4156   -5437.2149  0.7865 
   00847    0.3994   -5450.6155  0.7953 
   00848    0.3912   -5477.2575  0.7955 
   00849    0.4181   -5515.5113  0.7968 
   00850    0.4156   -5492.9824  0.8049 
   00851    0.4156   -5477.9472  0.7960 
   00852    0.4150   -5445.5226  0.7939 
   00853    0.4144   -5459.9652  0.7936 
   00854    0.4256   -5464.5954  0.7960 
   00855    0.4244   -5491.6917  0.7992 
   00856    0.4125   -5477.2966  0.7962 
   00857    0.4219   -5452.7996  0.7974 
   00858    0.3937   -5464.7513  0.7958 
   00859    0.3956   -5474.1736  0.7938 
   00860    0.3981   -5475.1191  0.7978 
   00861    0.3937   -5488.4019  0.8035 
   00862    0.4006   -5488.7784  0.8026 
   00863    0.4100   -5524.4292  0.8010 
   00864    0.3931   -5488.7887  0.7968 
   00865    0.4006   -5471.4425  0.8019 
   00866    0.4200   -5499.9323  0.8100 
   00867    0.4075   -5548.0251  0.8117 
   00868    0.4069   -5525.3925  0.8109 
   00869    0.4169   -5508.2821  0.8135 
   00870    0.3931   -5483.2891  0.8134 
   00871    0.4119   -5473.6699  0.8116 
   00872    0.4138   -5475.8981  0.8127 
   00873    0.4144   -5471.9488  0.8141 
   00874    0.4106   -5456.9008  0.8102 
   00875    0.4144   -5469.5564  0.8139 
   00876    0.3969   -5495.9747  0.8170 
   00877    0.4019   -5484.1811  0.8151 
   00878    0.4281   -5468.6161  0.8184 
   00879    0.4238   -5483.0556  0.8231 
   00880    0.4213   -5486.4426  0.8229 
   00881    0.4081   -5487.5117  0.8200 
   00882    0.4331   -5454.7185  0.8171 
   00883    0.4081   -5453.1564  0.8158 
   00884    0.4263   -5444.2528  0.8190 
   00885    0.4244   -5469.5373  0.8229 
   00886    0.3856   -5485.5141  0.8284 
   00887    0.4044   -5516.2406  0.8298 
   00888    0.4231   -5506.7093  0.8314 
   00889    0.4275   -5516.1744  0.8324 
   00890    0.4238   -5490.1176  0.8269 
   00891    0.4350   -5473.6488  0.8261 
   00892    0.4169   -5511.7270  0.8326 
   00893    0.4294   -5509.8102  0.8341 
   00894    0.4213   -5507.4898  0.8257 
   00895    0.3944   -5515.2816  0.8237 
   00896    0.3937   -5490.5523  0.8221 
   00897    0.4169   -5522.7224  0.8268 
   00898    0.4012   -5554.4547  0.8303 
   00899    0.3925   -5533.0376  0.8259 
   00900    0.4231   -5545.0758  0.8277 
   00901    0.3881   -5530.9747  0.8238 
   00902    0.3881   -5530.5512  0.8225 
   00903    0.4056   -5546.2277  0.8270 
   00904    0.3969   -5537.0176  0.8260 
   00905    0.4012   -5506.7473  0.8202 
   00906    0.4019   -5516.4001  0.8215 
   00907    0.4194   -5507.4175  0.8173 
   00908    0.4150   -5482.6168  0.8175 
   00909    0.4156   -5472.2377  0.8153 
   00910    0.4131   -5466.6403  0.8136 
   00911    0.4269   -5466.7581  0.8105 
   00912    0.3856   -5481.1528  0.8110 
   00913    0.4075   -5458.6223  0.8074 
   00914    0.4175   -5465.3227  0.8074 
   00915    0.4125   -5509.3506  0.8055 
   00916    0.3931   -5541.6892  0.8100 
   00917    0.4006   -5545.5885  0.8093 
   00918    0.4175   -5523.2586  0.8092 
   00919    0.4219   -5487.3788  0.8075 
   00920    0.4056   -5514.1568  0.8057 
   00921    0.3987   -5481.4868  0.8001 
   00922    0.4050   -5435.6290  0.7951 
   00923    0.4119   -5426.9775  0.7920 
   00924    0.3969   -5430.0859  0.7937 
   00925    0.4150   -5427.0746  0.7922 
   00926    0.4206   -5409.9556  0.7872 
   00927    0.4250   -5430.8967  0.7901 
   00928    0.4500   -5445.4914  0.7906 
   00929    0.4019   -5447.7596  0.7859 
   00930    0.4062   -5424.3920  0.7827 
   00931    0.3894   -5440.7945  0.7845 
   00932    0.4000   -5451.8260  0.7883 
   00933    0.4275   -5482.3424  0.7869 
   00934    0.4088   -5501.0085  0.7869 
   00935    0.4244   -5487.0753  0.7867 
   00936    0.4144   -5513.0922  0.7866 
   00937    0.3919   -5479.5791  0.7863 
   00938    0.4338   -5482.5356  0.7877 
   00939    0.4175   -5432.8774  0.7836 
   00940    0.4244   -5414.4401  0.7795 
   00941    0.4194   -5406.3938  0.7894 
   00942    0.4150   -5450.9694  0.7967 
   00943    0.4000   -5483.8998  0.8016 
   00944    0.3987   -5517.0312  0.8063 
   00945    0.4263   -5498.1566  0.8064 
   00946    0.4044   -5466.9538  0.8054 
   00947    0.3994   -5471.8076  0.8041 
   00948    0.4000   -5421.6892  0.8001 
   00949    0.4081   -5440.4064  0.8021 
   00950    0.4206   -5433.5339  0.7966 
   00951    0.4250   -5441.5757  0.8031 
   00952    0.4238   -5450.0624  0.8044 
   00953    0.4294   -5467.1889  0.8033 
   00954    0.4200   -5461.0228  0.8041 
   00955    0.4181   -5484.3930  0.8043 
   00956    0.3975   -5548.1759  0.8117 
   00957    0.4188   -5524.9324  0.8121 
   00958    0.3919   -5532.2295  0.8140 
   00959    0.3894   -5524.8381  0.8207 
   00960    0.4194   -5528.2445  0.8205 
   00961    0.3956   -5557.9007  0.8225 
   00962    0.4169   -5545.4453  0.8158 
   00963    0.4081   -5530.3484  0.8155 
   00964    0.4094   -5505.0445  0.8106 
   00965    0.3969   -5500.4595  0.8150 
   00966    0.3981   -5497.7485  0.8097 
   00967    0.4075   -5503.7550  0.8097 
   00968    0.3912   -5511.7775  0.8124 
   00969    0.4006   -5491.1870  0.8105 
   00970    0.4344   -5470.2036  0.8087 
   00971    0.3994   -5460.5484  0.8091 
   00972    0.3981   -5460.3692  0.8132 
   00973    0.3962   -5412.8423  0.8119 
   00974    0.4238   -5407.4553  0.8130 
   00975    0.4050   -5447.4366  0.8167 
   00976    0.3919   -5489.1974  0.8210 
   00977    0.3925   -5479.9868  0.8162 
   00978    0.3912   -5477.8163  0.8194 
   00979    0.4144   -5468.2540  0.8172 
   00980    0.3869   -5470.7583  0.8137 
   00981    0.4387   -5488.8744  0.8137 
   00982    0.4169   -5480.1404  0.8156 
   00983    0.4188   -5458.4874  0.8189 
   00984    0.3900   -5447.5335  0.8194 
   00985    0.4012   -5480.9657  0.8199 
   00986    0.3981   -5519.7010  0.8216 
   00987    0.4031   -5501.6576  0.8137 
   00988    0.4119   -5466.2565  0.8117 
   00989    0.4119   -5467.4126  0.8157 
   00990    0.4213   -5474.3487  0.8140 
   00991    0.4062   -5488.8719  0.8213 
   00992    0.4231   -5427.7680  0.8188 
   00993    0.4319   -5431.2383  0.8192 
   00994    0.4188   -5444.2047  0.8166 
   00995    0.4144   -5438.7381  0.8156 
   00996    0.4081   -5495.6731  0.8213 
   00997    0.4138   -5472.0216  0.8155 
   00998    0.4069   -5497.6296  0.8191 
   00999    0.4000   -5486.2876  0.8220 
   01000    0.4037   -5505.2801  0.8207 
