#=====================================================
# File created:        Wed-30-Oct-2024-at-08-33-36PM
# Size of lattice:     50x50
# Number of MC steps:  1000
# Reduced temperature: 0.500
# Run time (s):        3.833422
#=====================================================
# MC step:  Ratio:     Energy:   Order:
#=====================================================
   00000    0.5000   -2495.0577  0.2607 
   00001    0.6764   -3666.4062  0.2765 
   00002    0.6352   -4413.3849  0.2800 
   00003    0.6072   -5019.4020  0.2787 
   00004    0.5600   -5397.6379  0.2817 
   00005    0.5348   -5707.9986  0.3016 
   00006    0.5284   -6054.3586  0.3021 
   00007    0.5292   -6321.7238  0.3147 
   00008    0.5104   -6538.0008  0.3261 
   00009    0.4940   -6690.1706  0.3255 
   00010    0.5096   -6851.7666  0.3270 
   00011    0.4780   -6971.2530  0.3265 
   00012    0.4488   -7126.5465  0.3279 
   00013    0.4600   -7199.4835  0.3285 
   00014    0.4648   -7331.4379  0.3261 
   00015    0.4612   -7381.4624  0.3289 
   00016    0.4604   -7458.0559  0.3248 
   00017    0.4664   -7554.9482  0.3292 
   00018    0.4456   -7587.2612  0.3301 
   00019    0.4516   -7622.2110  0.3360 
   00020    0.4492   -7637.0180  0.3417 
   00021    0.4292   -7654.1711  0.3493 
   00022    0.4496   -7677.2579  0.3486 
   00023    0.4428   -7634.0607  0.3422 
   00024    0.4524   -7660.7663  0.3449 
   00025    0.4536   -7696.3467  0.3419 
   00026    0.4620   -7729.8306  0.3464 
   00027    0.4376   -7785.1158  0.3449 
   00028    0.4432   -7800.7401  0.3431 
   00029    0.4368   -7832.0069  0.3495 
   00030    0.4276   -7886.6849  0.3461 
   00031    0.4312   -7881.7239  0.3477 
   00032    0.4436   -7887.7017  0.3491 
   00033    0.4376   -7874.6754  0.3479 
   00034    0.4360   -7883.9826  0.3464 
   00035    0.4252   -7896.8676  0.3464 
   00036    0.4372   -7902.7605  0.3459 
   00037    0.4464   -7857.7826  0.3441 
   00038    0.4420   -7863.5683  0.3412 
   00039    0.4288   -7948.0942  0.3415 
   00040    0.4228   -7959.5943  0.3391 
   00041    0.4336   -7903.7132  0.3459 
   00042    0.4408   -7957.5691  0.3452 
   00043    0.4276   -7981.5441  0.3451 
   00044    0.4324   -8007.0214  0.3458 
   00045    0.4368   -8037.1417  0.3456 
   00046    0.4260   -8015.8951  0.3420 
   00047    0.4148   -8047.0206  0.3423 
   00048    0.4400   -8073.1096  0.3350 
   00049    0.4252   -8080.0833  0.3326 
   00050    0.4368   -8070.8884  0.3340 
   00051    0.4168   -8075.5681  0.3307 
   00052    0.4276   -8088.8734  0.3281 
   00053    0.4356   -8050.0519  0.3224 
   00054    0.4308   -8090.9421  0.3219 
   00055    0.4352   -8099.9662  0.3233 
   00056    0.4240   -8087.5032  0.3229 
   00057    0.4376   -8113.9797  0.3194 
   00058    0.4552   -8152.5330  0.3243 
   00059    0.4192   -8148.4316  0.3216 
   00060    0.4304   -8175.5508  0.3203 
   00061    0.4360   -8147.3706  0.3234 
   00062    0.4168   -8112.9380  0.3268 
   00063    0.4172   -8145.8763  0.3254 
   00064    0.4312   -8132.5609  0.3260 
   00065    0.4160   -8142.8097  0.3273 
   00066    0.4376   -8185.1729  0.3301 
   00067    0.4168   -8174.2887  0.3312 
   00068    0.4344   -8190.2253  0.3341 
   00069    0.4296   -8169.4680  0.3391 
   00070    0.4288   -8183.7208  0.3388 
   00071    0.4120   -8185.2861  0.3411 
   00072    0.4236   -8180.7676  0.3413 
   00073    0.4316   -8160.5337  0.3357 
   00074    0.4232   -8225.6185  0.3334 
   00075    0.4080   -8226.1094  0.3327 
   00076    0.4332   -8169.3713  0.3251 
   00077    0.4192   -8223.9643  0.3274 
   00078    0.4324   -8232.8794  0.3297 
   00079    0.4188   -8249.6837  0.3261 
   00080    0.4376   -8237.9322  0.3320 
   00081    0.4204   -8255.6635  0.3334 
   00082    0.4260   -8215.7542  0.3260 
   00083    0.4332   -8198.6367  0.3319 
   00084    0.4232   -8219.1477  0.3327 
   00085    0.4220   -8197.2821  0.3308 
   00086    0.4332   -8164.4036  0.3289 
   00087    0.4280   -8241.7583  0.3307 
   00088    0.4284   -8281.8611  0.3276 
   00089    0.4312   -8260.7576  0.3241 
   00090    0.4152   -8247.3292  0.3209 
   00091    0.4172   -8275.8672  0.3209 
   00092    0.4240   -8293.0398  0.3227 
   00093    0.4240   -8262.9595  0.3263 
   00094    0.4192   -8312.9571  0.3232 
   00095    0.4280   -8341.2623  0.3263 
   00096    0.4204   -8383.4579  0.3232 
   00097    0.4100   -8357.1169  0.3212 
   00098    0.4080   -8357.7047  0.3200 
   00099    0.4236   -8311.7226  0.3241 
   00100    0.4368   -8367.5640  0.3312 
   00101    0.4096   -8357.0345  0.3304 
   00102    0.4244   -8362.8515  0.3302 
   00103    0.4232   -8377.0879  0.3307 
   00104    0.4136   -8338.4264  0.3299 
   00105    0.4268   -8333.5751  0.3282 
   00106    0.4120   -8364.0399  0.3284 
   00107    0.4120   -8349.3523  0.3227 
   00108    0.4244   -8322.0766  0.3305 
   00109    0.4068   -8360.3309  0.3283 
   00110    0.4056   -8378.8581  0.3236 
   00111    0.4140   -8366.0125  0.3178 
   00112    0.4248   -8346.2675  0.3204 
   00113    0.4488   -8339.8916  0.3212 
   00114    0.4096   -8321.5948  0.3214 
   00115    0.4160   -8341.4106  0.3197 
   00116    0.4144   -8378.5719  0.3221 
   00117    0.4228   -8374.8343  0.3226 
   00118    0.4112   -8339.3913  0.3208 
   00119    0.4012   -8397.4427  0.3217 
   00120    0.4116   -8392.8636  0.3192 
   00121    0.4148   -8383.4118  0.3204 
   00122    0.4188   -8358.7205  0.3227 
   00123    0.4300   -8348.0958  0.3220 
   00124    0.4268   -8335.7506  0.3219 
   00125    0.4208   -8329.5536  0.3219 
   00126    0.4236   -8369.6985  0.3200 
   00127    0.4232   -8322.2150  0.3187 
   00128    0.4024   -8367.9212  0.3157 
   00129    0.4272   -8416.4757  0.3193 
   00130    0.4084   -8406.7545  0.3216 
   00131    0.4216   -8381.3935  0.3193 
   00132    0.4136   -8395.6847  0.3223 
   00133    0.4108   -8384.7044  0.3214 
   00134    0.4132   -8345.5218  0.3156 
   00135    0.4028   -8362.1596  0.3144 
   00136    0.4180   -8361.0708  0.3091 
   00137    0.3868   -8362.4528  0.3094 
   00138    0.4224   -8328.0690  0.3123 
   00139    0.4104   -8354.0813  0.3093 
   00140    0.4104   -8363.7387  0.3094 
   00141    0.4232   -8380.7575  0.3030 
   00142    0.4216   -8394.6916  0.2965 
   00143    0.4156   -8424.6234  0.3008 
   00144    0.4204   -8436.7313  0.3042 
   00145    0.4164   -8421.8756  0.3016 
   00146    0.4128   -8386.4774  0.3046 
   00147    0.4224   -8381.8866  0.3020 
   00148    0.4136   -8398.5865  0.3064 
   00149    0.4040   -8432.3504  0.3041 
   00150    0.4312   -8398.9271  0.3061 
   00151    0.4092   -8423.0775  0.3067 
   00152    0.4052   -8373.5489  0.3044 
   00153    0.4272   -8350.9226  0.2994 
   00154    0.4140   -8359.9346  0.2908 
   00155    0.4136   -8403.1731  0.2833 
   00156    0.4272   -8395.1398  0.2823 
   00157    0.4160   -8427.3685  0.2859 
   00158    0.4200   -8460.2376  0.2860 
   00159    0.4148   -8406.2832  0.2888 
   00160    0.4232   -8389.2615  0.2823 
   00161    0.4280   -8386.9189  0.2894 
   00162    0.4140   -8417.3912  0.2806 
   00163    0.4000   -8409.0605  0.2801 
   00164    0.4216   -8406.9849  0.2850 
   00165    0.3972   -8368.4815  0.2806 
   00166    0.4036   -8378.3722  0.2791 
   00167    0.4204   -8371.3132  0.2869 
   00168    0.4300   -8341.5226  0.2901 
   00169    0.4372   -8310.7547  0.2962 
   00170    0.4092   -8367.0252  0.2946 
   00171    0.4076   -8376.5229  0.2890 
   00172    0.4060   -8404.4633  0.2931 
   00173    0.4000   -8403.7420  0.2925 
   00174    0.4144   -8441.1437  0.2969 
   00175    0.4112   -8381.3226  0.2974 
   00176    0.4276   -8347.6537  0.2967 
   00177    0.4100   -8377.5030  0.3001 
   00178    0.4216   -8367.7301  0.3035 
   00179    0.4176   -8412.0466  0.3027 
   00180    0.4224   -8386.8656  0.3082 
   00181    0.4244   -8389.7614  0.3078 
   00182    0.3944   -8388.6560  0.3097 
   00183    0.4320   -8376.2984  0.3131 
   00184    0.4124   -8389.9129  0.3129 
   00185    0.4032   -8410.3783  0.3199 
   00186    0.4092   -8419.3950  0.3253 
   00187    0.4244   -8411.9554  0.3159 
   00188    0.4252   -8458.4327  0.3159 
   00189    0.4256   -8451.8165  0.3129 
   00190    0.4144   -8505.0703  0.3105 
   00191    0.3980   -8463.9879  0.3079 
   00192    0.4088   -8461.8888  0.3097 
   00193    0.4000   -8442.5314  0.3084 
   00194    0.4280   -8450.5446  0.3113 
   00195    0.4188   -8449.3250  0.3098 
   00196    0.4064   -8405.6170  0.3178 
   00197    0.4320   -8414.8427  0.3150 
   00198    0.4008   -8434.2319  0.3132 
   00199    0.4088   -8418.4969  0.3151 
   00200    0.4340   -8427.6422  0.3081 
   00201    0.4248   -8487.6873  0.3119 
   00202    0.4340   -8457.6012  0.3179 
   00203    0.3980   -8450.1240  0.3108 
   00204    0.4172   -8408.4590  0.3142 
   00205    0.4168   -8403.7391  0.3135 
   00206    0.4132   -8407.1940  0.3137 
   00207    0.4120   -8423.0137  0.3113 
   00208    0.4028   -8427.6684  0.3084 
   00209    0.4072   -8421.8118  0.3066 
   00210    0.4216   -8432.8257  0.3024 
   00211    0.4084   -8455.7736  0.3042 
   00212    0.4104   -8432.1646  0.3029 
   00213    0.4192   -8417.6271  0.3011 
   00214    0.4364   -8453.6358  0.2968 
   00215    0.4100   -8451.4731  0.2979 
   00216    0.4128   -8418.4096  0.3067 
   00217    0.4132   -8402.1153  0.3104 
   00218    0.4244   -8395.0573  0.3099 
   00219    0.4292   -8426.2980  0.3093 
   00220    0.4288   -8432.8047  0.3061 
   00221    0.4232   -8406.9570  0.3055 
   00222    0.4172   -8442.7024  0.2999 
   00223    0.4164   -8439.4329  0.3004 
   00224    0.4312   -8466.8305  0.2968 
   00225    0.4228   -8523.6938  0.2944 
   00226    0.4312   -8411.3231  0.2951 
   00227    0.4036   -8390.9936  0.2923 
   00228    0.4208   -8368.9860  0.2895 
   00229    0.4108   -8396.2297  0.2852 
   00230    0.4160   -8355.8140  0.2886 
   00231    0.4044   -8392.4927  0.2918 
   00232    0.4060   -8393.7571  0.2882 
   00233    0.4264   -8391.1401  0.2940 
   00234    0.4136   -8372.7937  0.2948 
   00235    0.4068   -8461.8984  0.2987 
   00236    0.4072   -8475.9510  0.2970 
   00237    0.3956   -8454.8545  0.2945 
   00238    0.4088   -8440.7934  0.2949 
   00239    0.4280   -8430.8326  0.2981 
   00240    0.4076   -8406.0655  0.2913 
   00241    0.4184   -8461.6430  0.2847 
   00242    0.4080   -8488.8205  0.2762 
   00243    0.4264   -8492.1949  0.2779 
   00244    0.4136   -8483.6977  0.2760 
   00245    0.3984   -8487.2234  0.2775 
   00246    0.4180   -8466.2257  0.2867 
   00247    0.4212   -8470.0793  0.2840 
   00248    0.4076   -8469.4704  0.2916 
   00249    0.3996   -8454.7504  0.2877 
   00250    0.4316   -8446.6123  0.2851 
   00251    0.3956   -8533.3424  0.2832 
   00252    0.4000   -8464.7775  0.2866 
   00253    0.4196   -8500.4864  0.2849 
   00254    0.4196   -8520.6089  0.2846 
   00255    0.4076   -8487.6425  0.2837 
   00256    0.4032   -8483.3049  0.2823 
   00257    0.4220   -8450.3697  0.2863 
   00258    0.4140   -8448.7281  0.2821 
   00259    0.4212   -8479.0984  0.2816 
   00260    0.4076   -8444.7761  0.2792 
   00261    0.4392   -8410.3748  0.2825 
   00262    0.4164   -8407.5194  0.2783 
   00263    0.4212   -8409.7371  0.2703 
   00264    0.4296   -8375.4084  0.2725 
   00265    0.3996   -8376.6202  0.2751 
   00266    0.4264   -8400.3564  0.2714 
   00267    0.4112   -8413.2478  0.2692 
   00268    0.4140   -8450.3521  0.2681 
   00269    0.4240   -8420.7477  0.2710 
   00270    0.4024   -8513.1557  0.2666 
   00271    0.4236   -8486.0808  0.2703 
   00272    0.3984   -8488.5174  0.2725 
   00273    0.3992   -8450.9946  0.2753 
   00274    0.4180   -8444.2348  0.2745 
   00275    0.4052   -8433.3728  0.2717 
   00276    0.4208   -8445.9523  0.2765 
   00277    0.4068   -8470.6461  0.2748 
   00278    0.4124   -8391.6674  0.2801 
   00279    0.4204   -8444.1328  0.2773 
   00280    0.4064   -8435.9944  0.2839 
   00281    0.4224   -8403.7737  0.2901 
   00282    0.4312   -8439.9528  0.2920 
   00283    0.4092   -8455.1535  0.2882 
   00284    0.4204   -8448.3316  0.2933 
   00285    0.3892   -8425.6217  0.2983 
   00286    0.4116   -8471.9945  0.2987 
   00287    0.4060   -8453.1632  0.3070 
   00288    0.4156   -8476.1534  0.3035 
   00289    0.4252   -8491.6422  0.3057 
   00290    0.4188   -8505.9664  0.3112 
   00291    0.4336   -8477.8234  0.3052 
   00292    0.4076   -8447.5421  0.3013 
   00293    0.4064   -8479.9889  0.2995 
   00294    0.3956   -8451.4834  0.2985 
   00295    0.4160   -8477.0524  0.3049 
   00296    0.4200   -8509.9395  0.3044 
   00297    0.4204   -8532.5507  0.3103 
   00298    0.4168   -8496.9762  0.3147 
   00299    0.4180   -8461.0216  0.3078 
   00300    0.4320   -8493.6817  0.3080 
   00301    0.4188   -8501.9449  0.3065 
   00302    0.4092   -8483.8887  0.3082 
   00303    0.4096   -8482.9412  0.3096 
   00304    0.4160   -8465.6616  0.3105 
   00305    0.4412   -8444.9319  0.3102 
   00306    0.4152   -8464.3130  0.3134 
   00307    0.4132   -8435.9513  0.3159 
   00308    0.4192   -8413.7250  0.3069 
   00309    0.4188   -8427.9780  0.3017 
   00310    0.4172   -8433.5277  0.3040 
   00311    0.4028   -8490.6208  0.3092 
   00312    0.4160   -8471.4613  0.3076 
   00313    0.4148   -8462.1334  0.3052 
   00314    0.4224   -8450.4745  0.3050 
   00315    0.4116   -8442.6429  0.2990 
   00316    0.4236   -8435.4770  0.2973 
   00317    0.4292   -8489.2412  0.2911 
   00318    0.3876   -8487.3963  0.2910 
   00319    0.4152   -8499.7742  0.2832 
   00320    0.4140   -8445.6234  0.2851 
   00321    0.4268   -8495.2016  0.2908 
   00322    0.4228   -8519.9332  0.2942 
   00323    0.4108   -8524.9042  0.2914 
   00324    0.4044   -8497.8578  0.2995 
   00325    0.3996   -8480.0800  0.2940 
   00326    0.4056   -8461.9704  0.2916 
   00327    0.4132   -8486.6815  0.2935 
   00328    0.3980   -8476.2858  0.2917 
   00329    0.4072   -8469.2053  0.2907 
   00330    0.4224   -8479.1461  0.2926 
   00331    0.3908   -8514.5568  0.2925 
   00332    0.4112   -8495.4052  0.2920 
   00333    0.4132   -8474.7445  0.2997 
   00334    0.4076   -8493.2246  0.2967 
   00335    0.4140   -8550.5114  0.2970 
   00336    0.4024   -8515.1995  0.2971 
   00337    0.4072   -8564.5537  0.2916 
   00338    0.3980   -8474.3277  0.2973 
   00339    0.4188   -8455.1302  0.2958 
   00340    0.4096   -8474.3011  0.3024 
   00341    0.4048   -8476.2709  0.3028 
   00342    0.4120   -8467.8046  0.2989 
   00343    0.4100   -8486.6361  0.3037 
   00344    0.4224   -8509.7353  0.3022 
   00345    0.4300   -8468.4893  0.2968 
   00346    0.4184   -8495.0483  0.3009 
   00347    0.3944   -8468.5329  0.3019 
   00348    0.4104   -8504.4761  0.3032 
   00349    0.4064   -8520.0979  0.3070 
   00350    0.4016   -8517.5392  0.3058 
   00351    0.4128   -8504.4541  0.3013 
   00352    0.3976   -8491.8624  0.3058 
   00353    0.4108   -8501.8942  0.3081 
   00354    0.4244   -8499.0077  0.3099 
   00355    0.4028   -8463.0152  0.3122 
   00356    0.4212   -8466.4533  0.3125 
   00357    0.4016   -8430.0829  0.3110 
   00358    0.4132   -8437.1279  0.3106 
   00359    0.4148   -8478.1158  0.3152 
   00360    0.4168   -8473.7467  0.3178 
   00361    0.4096   -8492.9455  0.3227 
   00362    0.4128   -8493.9902  0.3211 
   00363    0.4032   -8480.9526  0.3232 
   00364    0.4160   -8507.8107  0.3207 
   00365    0.3976   -8493.0522  0.3180 
   00366    0.4192   -8503.9871  0.3216 
   00367    0.4092   -8514.1427  0.3194 
   00368    0.4088   -8504.9430  0.3214 
   00369    0.4016   -8543.6433  0.3255 
   00370    0.4104   -8527.2947  0.3272 
   00371    0.4024   -8473.1553  0.3262 
   00372    0.4252   -8472.5921  0.3201 
   00373    0.4120   -8515.5208  0.3236 
   00374    0.4108   -8539.5188  0.3220 
   00375    0.4260   -8524.5241  0.3163 
   00376    0.4212   -8492.4925  0.3141 
   00377    0.4288   -8499.9763  0.3175 
   00378    0.4168   -8487.2508  0.3212 
   00379    0.4136   -8481.5576  0.3192 
   00380    0.4140   -8480.6650  0.3195 
   00381    0.4088   -8437.7490  0.3245 
   00382    0.4044   -8478.3999  0.3225 
   00383    0.4284   -8470.4556  0.3259 
   00384    0.4216   -8489.4355  0.3267 
   00385    0.4156   -8515.4577  0.3245 
   00386    0.4108   -8509.3546  0.3215 
   00387    0.4056   -8511.3363  0.3276 
   00388    0.4100   -8481.3787  0.3265 
   00389    0.4052   -8492.8994  0.3244 
   00390    0.4176   -8462.4830  0.3294 
   00391    0.4192   -8461.2866  0.3294 
   00392    0.4024   -8512.4856  0.3303 
   00393    0.4104   -8443.9947  0.3302 
   00394    0.4136   -8434.9517  0.3307 
   00395    0.4132   -8395.1063  0.3320 
   00396    0.4232   -8487.5510  0.3277 
   00397    0.4192   -8474.6267  0.3269 
   00398    0.4148   -8484.0373  0.3241 
   00399    0.4228   -8474.5773  0.3220 
   00400    0.3900   -8543.9550  0.3166 
   00401    0.4308   -8559.5641  0.3118 
   00402    0.4080   -8532.1752  0.3113 
   00403    0.4252   -8521.0459  0.3095 
   00404    0.4240   -8434.3624  0.3031 
   00405    0.4080   -8439.0708  0.3053 
   00406    0.4152   -8477.5800  0.3069 
   00407    0.4080   -8498.4623  0.3057 
   00408    0.3984   -8504.7648  0.3024 
   00409    0.4068   -8526.1524  0.3043 
   00410    0.3968   -8490.4867  0.3101 
   00411    0.4196   -8523.4962  0.3080 
   00412    0.4216   -8500.7385  0.3095 
   00413    0.4284   -8537.9038  0.3137 
   00414    0.4124   -8489.5819  0.3147 
   00415    0.4232   -8538.0503  0.3190 
   00416    0.4272   -8530.1155  0.3170 
   00417    0.3992   -8518.3464  0.3192 
   00418    0.4264   -8542.2033  0.3250 
   00419    0.4164   -8534.5494  0.3261 
   00420    0.4112   -8543.2011  0.3256 
   00421    0.4000   -8499.7676  0.3260 
   00422    0.4072   -8524.8232  0.3299 
   00423    0.4076   -8578.2420  0.3295 
   00424    0.4056   -8549.2147  0.3300 
   00425    0.4156   -8538.0672  0.3346 
   00426    0.4028   -8538.2269  0.3397 
   00427    0.4152   -8512.8440  0.3356 
   00428    0.4164   -8512.0459  0.3321 
   00429    0.4300   -8494.4074  0.3357 
   00430    0.4236   -8473.6591  0.3371 
   00431    0.4228   -8486.6072  0.3334 
   00432    0.4076   -8549.5875  0.3310 
   00433    0.4040   -8549.0612  0.3334 
   00434    0.4052   -8539.7145  0.3318 
   00435    0.4220   -8515.4145  0.3368 
   00436    0.4248   -8503.3064  0.3396 
   00437    0.4108   -8480.3789  0.3348 
   00438    0.4192   -8496.6012  0.3339 
   00439    0.4000   -8479.9984  0.3301 
   00440    0.4132   -8459.8490  0.3285 
   00441    0.4220   -8489.4426  0.3263 
   00442    0.4208   -8433.8839  0.3251 
   00443    0.4216   -8438.4588  0.3249 
   00444    0.4296   -8502.6731  0.3233 
   00445    0.4064   -8518.9835  0.3162 
   00446    0.4344   -8553.5776  0.3139 
   00447    0.3996   -8528.8481  0.3206 
   00448    0.4188   -8543.3098  0.3209 
   00449    0.3940   -8561.0477  0.3208 
   00450    0.4128   -8553.6592  0.3203 
   00451    0.4184   -8565.5088  0.3199 
   00452    0.3988   -8548.9831  0.3238 
   00453    0.4152   -8510.9049  0.3205 
   00454    0.4108   -8495.6369  0.3222 
   00455    0.4004   -8496.4734  0.3223 
   00456    0.4144   -8515.4750  0.3231 
   00457    0.4296   -8487.4904  0.3184 
   00458    0.4184   -8513.2072  0.3151 
   00459    0.4176   -8522.0053  0.3120 
   00460    0.4068   -8480.6371  0.3100 
   00461    0.4300   -8481.5059  0.3070 
   00462    0.4028   -8470.0712  0.3131 
   00463    0.4200   -8473.7765  0.3165 
   00464    0.4264   -8464.9672  0.3186 
   00465    0.4196   -8447.7076  0.3190 
   00466    0.4204   -8460.8769  0.3137 
   00467    0.4060   -8387.4253  0.3186 
   00468    0.4184   -8433.2921  0.3179 
   00469    0.4016   -8421.7337  0.3148 
   00470    0.4152   -8421.1792  0.3156 
   00471    0.4152   -8437.0412  0.3156 
   00472    0.3936   -8486.9122  0.3121 
   00473    0.3956   -8425.7241  0.3153 
   00474    0.4128   -8435.8495  0.3249 
   00475    0.4240   -8432.2623  0.3172 
   00476    0.4076   -8391.5894  0.3233 
   00477    0.3952   -8357.7099  0.3241 
   00478    0.4256   -8364.0628  0.3276 
   00479    0.4144   -8309.8161  0.3268 
   00480    0.3964   -8382.4567  0.3277 
   00481    0.4184   -8436.5367  0.3269 
   00482    0.4136   -8442.3982  0.3224 
   00483    0.4096   -8445.3757  0.3228 
   00484    0.4192   -8435.4781  0.3222 
   00485    0.4152   -8435.2945  0.3215 
   00486    0.4176   -8362.2992  0.3220 
   00487    0.4184   -8409.9180  0.3240 
   00488    0.4044   -8454.3783  0.3247 
   00489    0.4140   -8451.8561  0.3212 
   00490    0.4120   -8489.8400  0.3222 
   00491    0.4124   -8489.7134  0.3241 
   00492    0.4188   -8520.1807  0.3268 
   00493    0.4132   -8497.3392  0.3192 
   00494    0.4012   -8494.7038  0.3215 
   00495    0.3912   -8484.5531  0.3169 
   00496    0.4088   -8502.0658  0.3141 
   00497    0.4408   -8492.3073  0.3159 
   00498    0.4056   -8463.7480  0.3166 
   00499    0.3940   -8418.8262  0.3170 
   00500    0.4024   -8432.2620  0.3167 
   00501    0.4080   -8475.0856  0.3151 
   00502    0.4256   -8460.1311  0.3132 
   00503    0.3928   -8468.6374  0.3064 
   00504    0.4152   -8478.0383  0.3077 
   00505    0.4216   -8541.1145  0.3048 
   00506    0.4252   -8519.9435  0.3032 
   00507    0.4108   -8462.5226  0.3028 
   00508    0.4060   -8509.8885  0.2949 
   00509    0.4140   -8496.3270  0.3004 
   00510    0.4144   -8459.4965  0.3035 
   00511    0.4268   -8471.7208  0.3091 
   00512    0.4132   -8526.5138  0.3185 
   00513    0.4192   -8557.5258  0.3225 
   00514    0.4228   -8556.3269  0.3246 
   00515    0.4208   -8473.7235  0.3184 
   00516    0.4168   -8451.5136  0.3200 
   00517    0.4228   -8519.8665  0.3277 
   00518    0.4028   -8452.6795  0.3315 
   00519    0.4084   -8438.9713  0.3326 
   00520    0.3776   -8496.4211  0.3312 
   00521    0.4192   -8523.7911  0.3273 
   00522    0.4124   -8523.6143  0.3263 
   00523    0.4108   -8494.4380  0.3315 
   00524    0.4292   -8529.9197  0.3329 
   00525    0.4232   -8520.7223  0.3336 
   00526    0.4016   -8529.5019  0.3320 
   00527    0.4068   -8532.0584  0.3342 
   00528    0.4220   -8523.8805  0.3383 
   00529    0.4120   -8525.0597  0.3368 
   00530    0.4184   -8544.6303  0.3430 
   00531    0.4092   -8523.6599  0.3472 
   00532    0.4044   -8560.3760  0.3468 
   00533    0.4004   -8606.9533  0.3452 
   00534    0.4052   -8616.7926  0.3436 
   00535    0.4208   -8623.0974  0.3386 
   00536    0.4176   -8537.1854  0.3413 
   00537    0.4140   -8523.3570  0.3450 
   00538    0.4212   -8534.4718  0.3449 
   00539    0.4064   -8522.6124  0.3362 
   00540    0.4116   -8444.2631  0.3306 
   00541    0.4212   -8475.0125  0.3360 
   00542    0.4240   -8464.7836  0.3313 
   00543    0.4340   -8476.6685  0.3311 
   00544    0.4160   -8477.3355  0.3284 
   00545    0.4108   -8504.5749  0.3224 
   00546    0.4144   -8522.2071  0.3233 
   00547    0.4024   -8535.2517  0.3220 
   00548    0.4072   -8529.9325  0.3223 
   00549    0.3964   -8496.0218  0.3205 
   00550    0.4016   -8499.0684  0.3155 
   00551    0.4240   -8492.4953  0.3142 
   00552    0.4064   -8475.4729  0.3194 
   00553    0.4220   -8491.2047  0.3211 
   00554    0.4172   -8484.0639  0.3209 
   00555    0.4124   -8448.9019  0.3158 
   00556    0.4124   -8460.1047  0.3218 
   00557    0.4140   -8433.6543  0.3177 
   00558    0.4064   -8409.6042  0.3168 
   00559    0.4316   -8418.3294  0.3145 
   00560    0.4108   -8465.3646  0.3166 
   00561    0.3976   -8485.9694  0.3112 
   00562    0.4112   -8421.4649  0.3120 
   00563    0.4288   -8446.6514  0.3111 
   00564    0.4056   -8440.1255  0.3173 
   00565    0.4228   -8433.7097  0.3164 
   00566    0.4276   -8406.3379  0.3130 
   00567    0.4176   -8475.5857  0.3167 
   00568    0.4216   -8490.0189  0.3200 
   00569    0.4096   -8513.2251  0.3251 
   00570    0.4136   -8507.2364  0.3326 
   00571    0.4244   -8466.3935  0.3349 
   00572    0.4080   -8513.4810  0.3395 
   00573    0.4068   -8508.1899  0.3442 
   00574    0.4216   -8493.8028  0.3432 
   00575    0.4108   -8463.1913  0.3462 
   00576    0.4068   -8464.5461  0.3432 
   00577    0.4180   -8421.0761  0.3366 
   00578    0.4140   -8440.8642  0.3342 
   00579    0.4236   -8478.9925  0.3289 
   00580    0.4116   -8459.0494  0.3326 
   00581    0.4108   -8472.8851  0.3269 
   00582    0.4104   -8491.0886  0.3331 
   00583    0.4176   -8525.3580  0.3352 
   00584    0.4160   -8515.9972  0.3301 
   00585    0.4128   -8525.5883  0.3228 
   00586    0.4116   -8532.0868  0.3233 
   00587    0.4084   -8543.3422  0.3196 
   00588    0.4128   -8516.7431  0.3214 
   00589    0.4032   -8550.9507  0.3232 
   00590    0.4100   -8523.0638  0.3222 
   00591    0.4008   -8472.7833  0.3208 
   00592    0.4120   -8516.0598  0.3213 
   00593    0.4028   -8532.1554  0.3183 
   00594    0.4208   -8521.1386  0.3219 
   00595    0.3868   -8532.9194  0.3219 
   00596    0.4252   -8523.5136  0.3264 
   00597    0.4068   -8525.8571  0.3325 
   00598    0.4032   -8542.5937  0.3323 
   00599    0.4208   -8554.3323  0.3362 
   00600    0.4076   -8573.8826  0.3358 
   00601    0.4004   -8598.9951  0.3348 
   00602    0.4116   -8544.4514  0.3386 
   00603    0.4028   -8575.4524  0.3354 
   00604    0.4068   -8522.2231  0.3331 
   00605    0.4056   -8542.6573  0.3289 
   00606    0.4104   -8503.5669  0.3295 
   00607    0.4112   -8523.7034  0.3298 
   00608    0.4172   -8527.9920  0.3283 
   00609    0.4068   -8538.9448  0.3256 
   00610    0.4096   -8543.4779  0.3292 
   00611    0.4196   -8526.4984  0.3345 
   00612    0.3992   -8516.6886  0.3403 
   00613    0.4076   -8502.2135  0.3386 
   00614    0.4096   -8506.4336  0.3349 
   00615    0.4196   -8518.2292  0.3422 
   00616    0.4052   -8524.5902  0.3381 
   00617    0.4240   -8545.3640  0.3387 
   00618    0.4032   -8539.1443  0.3399 
   00619    0.4160   -8510.8312  0.3369 
   00620    0.4028   -8494.8533  0.3373 
   00621    0.4308   -8530.4241  0.3454 
   00622    0.4092   -8509.9077  0.3397 
   00623    0.4240   -8461.7548  0.3376 
   00624    0.4060   -8493.9765  0.3378 
   00625    0.4144   -8500.2504  0.3409 
   00626    0.4188   -8478.8430  0.3388 
   00627    0.4112   -8447.3876  0.3365 
   00628    0.4036   -8485.5253  0.3341 
   00629    0.4160   -8465.7525  0.3344 
   00630    0.4304   -8472.0266  0.3344 
   00631    0.4128   -8484.2399  0.3304 
   00632    0.4052   -8494.3309  0.3315 
   00633    0.4188   -8493.1813  0.3285 
   00634    0.4032   -8484.7372  0.3293 
   00635    0.4144   -8520.0696  0.3366 
   00636    0.4112   -8509.1374  0.3372 
   00637    0.4232   -8534.7262  0.3378 
   00638    0.4008   -8569.9240  0.3388 
   00639    0.4040   -8574.2607  0.3357 
   00640    0.4132   -8566.5989  0.3342 
   00641    0.4240   -8543.3202  0.3339 
   00642    0.4000   -8515.1247  0.3323 
   00643    0.4008   -8497.2292  0.3360 
   00644    0.4296   -8500.9209  0.3375 
   00645    0.3860   -8507.3177  0.3407 
   00646    0.3992   -8519.7793  0.3409 
   00647    0.4108   -8509.0231  0.3434 
   00648    0.3980   -8517.0344  0.3446 
   00649    0.4156   -8485.9353  0.3425 
   00650    0.4168   -8541.0595  0.3393 
   00651    0.4048   -8476.5546  0.3369 
   00652    0.4052   -8475.0078  0.3315 
   00653    0.4028   -8502.1946  0.3270 
   00654    0.4144   -8471.2615  0.3306 
   00655    0.4052   -8466.3974  0.3314 
   00656    0.4060   -8447.9245  0.3351 
   00657    0.4060   -8474.5287  0.3407 
   00658    0.4212   -8470.1731  0.3434 
   00659    0.3968   -8500.4729  0.3404 
   00660    0.4024   -8454.8606  0.3394 
   00661    0.4332   -8472.8610  0.3403 
   00662    0.3980   -8465.7459  0.3334 
   00663    0.4176   -8425.1615  0.3260 
   00664    0.4120   -8456.7181  0.3242 
   00665    0.4100   -8499.8925  0.3285 
   00666    0.4120   -8511.6183  0.3258 
   00667    0.4236   -8498.6494  0.3317 
   00668    0.4192   -8554.2776  0.3392 
   00669    0.3916   -8573.9999  0.3402 
   00670    0.4108   -8578.0592  0.3386 
   00671    0.4136   -8549.1131  0.3389 
   00672    0.4048   -8530.3203  0.3423 
   00673    0.4132   -8519.9535  0.3519 
   00674    0.4092   -8543.9384  0.3509 
   00675    0.4084   -8548.4254  0.3450 
   00676    0.4148   -8528.8201  0.3468 
   00677    0.4200   -8484.4816  0.3483 
   00678    0.4080   -8528.7869  0.3532 
   00679    0.4220   -8478.1404  0.3538 
   00680    0.4240   -8501.8316  0.3478 
   00681    0.4096   -8495.6835  0.3384 
   00682    0.4248   -8493.5470  0.3394 
   00683    0.3928   -8493.2311  0.3408 
   00684    0.4076   -8501.2347  0.3402 
   00685    0.4004   -8537.9269  0.3341 
   00686    0.4180   -8490.8904  0.3432 
   00687    0.4008   -8463.5996  0.3399 
   00688    0.4236   -8469.1272  0.3433 
   00689    0.4084   -8433.8684  0.3388 
   00690    0.4276   -8473.8130  0.3371 
   00691    0.4184   -8463.6709  0.3383 
   00692    0.4392   -8455.7484  0.3370 
   00693    0.4000   -8462.6149  0.3361 
   00694    0.3980   -8468.3088  0.3337 
   00695    0.4256   -8436.4483  0.3291 
   00696    0.4160   -8489.5162  0.3320 
   00697    0.4180   -8511.4805  0.3313 
   00698    0.4024   -8514.7848  0.3331 
   00699    0.4036   -8472.3837  0.3302 
   00700    0.4084   -8445.0682  0.3319 
   00701    0.4300   -8483.4334  0.3307 
   00702    0.4304   -8508.9493  0.3321 
   00703    0.4040   -8507.1153  0.3329 
   00704    0.4012   -8506.0938  0.3313 
   00705    0.4052   -8500.3317  0.3305 
   00706    0.4068   -8497.9392  0.3340 
   00707    0.3892   -8479.9065  0.3287 
   00708    0.3932   -8519.6505  0.3302 
   00709    0.4128   -8523.4761  0.3337 
   00710    0.3988   -8506.2917  0.3372 
   00711    0.4028   -8529.1827  0.3351 
   00712    0.3924   -8521.0709  0.3414 
   00713    0.4080   -8525.4083  0.3346 
   00714    0.4208   -8533.4278  0.3378 
   00715    0.4216   -8519.1555  0.3316 
   00716    0.4144   -8514.4641  0.3327 
   00717    0.4044   -8507.4540  0.3292 
   00718    0.4116   -8537.8328  0.3331 
   00719    0.3900   -8521.1388  0.3364 
   00720    0.4128   -8542.6822  0.3359 
   00721    0.4136   -8599.1435  0.3338 
   00722    0.4056   -8568.1333  0.3360 
   00723    0.4184   -8564.0302  0.3337 
   00724    0.4224   -8523.6943  0.3364 
   00725    0.4076   -8498.4709  0.3396 
   00726    0.4052   -8484.6380  0.3345 
   00727    0.4172   -8484.1157  0.3365 
   00728    0.3912   -8556.0228  0.3414 
   00729    0.4348   -8509.8616  0.3403 
   00730    0.4116   -8528.5268  0.3474 
   00731    0.4180   -8504.5949  0.3491 
   00732    0.4064   -8500.4210  0.3458 
   00733    0.4108   -8466.8317  0.3400 
   00734    0.4168   -8486.8798  0.3470 
   00735    0.3932   -8492.8164  0.3527 
   00736    0.4192   -8503.6280  0.3553 
   00737    0.3968   -8504.3293  0.3485 
   00738    0.4268   -8491.4098  0.3534 
   00739    0.4176   -8479.2887  0.3581 
   00740    0.4036   -8497.7381  0.3686 
   00741    0.4088   -8513.9040  0.3731 
   00742    0.4192   -8511.6135  0.3756 
   00743    0.4200   -8513.7136  0.3747 
   00744    0.4156   -8536.5064  0.3776 
   00745    0.4100   -8534.5445  0.3811 
   00746    0.4164   -8492.5562  0.3818 
   00747    0.4136   -8486.8897  0.3839 
   00748    0.4196   -8493.3636  0.3825 
   00749    0.4132   -8531.6935  0.3867 
   00750    0.4196   -8525.4376  0.3882 
   00751    0.4208   -8545.0245  0.3797 
   00752    0.4152   -8573.9021  0.3876 
   00753    0.3940   -8536.5785  0.3795 
   00754    0.4076   -8504.8247  0.3795 
   00755    0.4236   -8512.0470  0.3847 
   00756    0.3992   -8472.7782  0.3847 
   00757    0.4164   -8505.1215  0.3818 
   00758    0.4020   -8525.8081  0.3781 
   00759    0.4184   -8504.7930  0.3795 
   00760    0.4112   -8459.7361  0.3830 
   00761    0.4116   -8482.7659  0.3836 
   00762    0.4144   -8509.0999  0.3807 
   00763    0.4264   -8492.1941  0.3863 
   00764    0.4048   -8475.3237  0.3929 
   00765    0.4112   -8457.1856  0.3908 
   00766    0.4332   -8451.3429  0.3890 
   00767    0.4208   -8513.5531  0.3911 
   00768    0.4148   -8555.2587  0.3898 
   00769    0.4144   -8524.1711  0.3885 
   00770    0.4104   -8536.1102  0.3897 
   00771    0.4144   -8555.4678  0.3858 
   00772    0.4092   -8481.2914  0.3874 
   00773    0.3988   -8500.9213  0.3850 
   00774    0.4064   -8516.0692  0.3890 
   00775    0.4104   -8473.6412  0.3871 
   00776    0.4276   -8480.3675  0.3894 
   00777    0.4148   -8419.9489  0.3892 
   00778    0.4180   -8411.4677  0.3917 
   00779    0.4176   -8461.6445  0.3962 
   00780    0.3920   -8455.7276  0.3995 
   00781    0.4044   -8478.8955  0.4025 
   00782    0.4112   -8477.1353  0.4015 
   00783    0.4108   -8475.0078  0.3995 
   00784    0.4216   -8457.1064  0.3976 
   00785    0.3992   -8472.5994  0.4006 
   00786    0.4120   -8466.7456  0.4032 
   00787    0.4292   -8532.3855  0.4030 
   00788    0.4064   -8509.0245  0.4058 
   00789    0.3964   -8488.1047  0.4094 
   00790    0.4144   -8509.5328  0.4092 
   00791    0.4060   -8525.2570  0.4091 
   00792    0.3988   -8501.1001  0.4074 
   00793    0.4204   -8509.0744  0.4124 
   00794    0.4248   -8483.2005  0.4091 
   00795    0.4084   -8513.3557  0.4153 
   00796    0.4152   -8548.5750  0.4143 
   00797    0.4148   -8541.6773  0.4124 
   00798    0.4092   -8566.5846  0.4092 
   00799    0.4088   -8548.7246  0.4091 
   00800    0.4116   -8548.9294  0.4077 
   00801    0.3980   -8559.7336  0.4067 
   00802    0.4192   -8514.7147  0.4049 
   00803    0.4052   -8524.2710  0.4060 
   00804    0.4040   -8521.3791  0.4048 
   00805    0.4160   -8516.8009  0.3983 
   00806    0.4256   -8499.1369  0.4011 
   00807    0.4244   -8509.4610  0.3989 
   00808    0.4180   -8458.7960  0.4038 
   00809    0.4092   -8477.7283  0.4010 
   00810    0.4048   -8481.8984  0.3962 
   00811    0.4224   -8489.8831  0.3878 
   00812    0.4032   -8493.6208  0.3896 
   00813    0.4164   -8470.1368  0.3866 
   00814    0.4092   -8466.2726  0.3976 
   00815    0.4184   -8494.2608  0.3978 
   00816    0.4208   -8472.6563  0.3947 
   00817    0.4184   -8430.1274  0.3925 
   00818    0.4212   -8424.6710  0.3983 
   00819    0.4088   -8438.1000  0.3998 
   00820    0.4148   -8459.7449  0.4062 
   00821    0.4288   -8522.9206  0.4100 
   00822    0.4176   -8532.3133  0.4066 
   00823    0.4148   -8501.6766  0.4094 
   00824    0.4388   -8495.7645  0.4072 
   00825    0.4088   -8472.3969  0.4044 
   00826    0.4204   -8470.4190  0.4069 
   00827    0.4240   -8458.1548  0.4048 
   00828    0.4228   -8505.8290  0.4083 
   00829    0.3824   -8507.3605  0.4092 
   00830    0.4260   -8485.2719  0.4083 
   00831    0.4148   -8510.9888  0.4063 
   00832    0.3968   -8487.8831  0.4082 
   00833    0.4268   -8508.8499  0.4081 
   00834    0.4004   -8515.9714  0.4083 
   00835    0.4036   -8538.9800  0.4073 
   00836    0.4152   -8515.9289  0.4078 
   00837    0.4252   -8527.5172  0.4090 
   00838    0.3972   -8469.4056  0.4072 
   00839    0.4012   -8487.7034  0.4108 
   00840    0.4028   -8489.4876  0.4085 
   00841    0.4188   -8526.8764  0.4077 
   00842    0.3932   -8518.2472  0.4062 
   00843    0.4268   -8560.8515  0.4156 
   00844    0.3884   -8552.1398  0.4199 
   00845    0.3932   -8552.4149  0.4152 
   00846    0.4056   -8513.6395  0.4084 
   00847    0.4164   -8516.1702  0.4147 
   00848    0.4236   -8540.5660  0.4131 
   00849    0.4044   -8538.9807  0.4139 
   00850    0.4048   -8530.6131  0.4160 
   00851    0.4004   -8568.9171  0.4237 
   00852    0.4248   -8529.4500  0.4238 
   00853    0.3964   -8555.6932  0.4267 
   00854    0.4312   -8520.7103  0.4242 
   00855    0.3944   -8528.4913  0.4261 
   00856    0.4204   -8494.2781  0.4223 
   00857    0.4092   -8511.8938  0.4165 
   00858    0.4336   -8520.6851  0.4172 
   00859    0.4024   -8488.6832  0.4168 
   00860    0.4088   -8506.9244  0.4200 
   00861    0.4072   -8511.9310  0.4207 
   00862    0.3964   -8546.3356  0.4234 
   00863    0.4168   -8555.3758  0.4284 
   00864    0.4140   -8507.9762  0.4322 
   00865    0.4124   -8509.6916  0.4299 
   00866    0.4136   -8533.9036  0.4254 
   00867    0.4036   -8585.9133  0.4273 
   00868    0.4124   -8529.4925  0.4280 
   00869    0.3992   -8563.5723  0.4302 
   00870    0.4200   -8570.8042  0.4332 
   00871    0.3920   -8576.3708  0.4295 
   00872    0.4016   -8558.6531  0.4253 
   00873    0.4092   -8529.1476  0.4194 
   00874    0.4176   -8545.9842  0.4257 
   00875    0.4216   -8528.2789  0.4251 
   00876    0.4248   -8556.3412  0.4193 
   00877    0.4188   -8513.4053  0.4167 
   00878    0.4212   -8516.1968  0.4172 
   00879    0.4036   -8552.2175  0.4197 
   00880    0.4136   -8536.7768  0.4180 
   00881    0.4216   -8515.6489  0.4147 
   00882    0.4100   -8487.6247  0.4138 
   00883    0.4072   -8477.8618  0.4195 
   00884    0.4044   -8461.5078  0.4218 
   00885    0.4140   -8470.1036  0.4279 
   00886    0.4188   -8488.3912  0.4257 
   00887    0.4056   -8530.0985  0.4256 
   00888    0.4160   -8517.0137  0.4259 
   00889    0.4076   -8516.7372  0.4184 
   00890    0.4028   -8530.0981  0.4204 
   00891    0.4084   -8555.9000  0.4200 
   00892    0.4168   -8566.2761  0.4144 
   00893    0.3964   -8560.0652  0.4192 
   00894    0.3968   -8581.3976  0.4202 
   00895    0.4044   -8559.9225  0.4244 
   00896    0.4192   -8549.0270  0.4257 
   00897    0.4028   -8529.8489  0.4219 
   00898    0.4112   -8552.7255  0.4256 
   00899    0.4212   -8555.8824  0.4234 
   00900    0.4036   -8591.0088  0.4256 
   00901    0.4112   -8555.4763  0.4296 
   00902    0.4228   -8566.3355  0.4281 
   00903    0.3992   -8556.7797  0.4347 
   00904    0.4220   -8513.8736  0.4402 
   00905    0.4028   -8518.4151  0.4406 
   00906    0.4224   -8519.8010  0.4474 
   00907    0.4092   -8560.9147  0.4501 
   00908    0.4008   -8514.2969  0.4394 
   00909    0.4220   -8527.7129  0.4370 
   00910    0.4116   -8574.2356  0.4354 
   00911    0.4056   -8600.9416  0.4334 
   00912    0.4000   -8598.5337  0.4384 
   00913    0.4232   -8577.6990  0.4417 
   00914    0.4000   -8543.1114  0.4405 
   00915    0.3960   -8564.2732  0.4415 
   00916    0.4212   -8573.5969  0.4392 
   00917    0.4008   -8568.8133  0.4465 
   00918    0.4072   -8554.5481  0.4501 
   00919    0.4076   -8537.8539  0.4434 
   00920    0.4180   -8562.0476  0.4462 
   00921    0.4248   -8557.1118  0.4424 
   00922    0.4196   -8555.1939  0.4447 
   00923    0.4084   -8546.8429  0.4509 
   00924    0.4040   -8541.4432  0.4537 
   00925    0.4192   -8533.5886  0.4541 
   00926    0.4096   -8509.4560  0.4547 
   00927    0.4168   -8563.7074  0.4563 
   00928    0.4072   -8559.8600  0.4609 
   00929    0.3960   -8550.2525  0.4637 
   00930    0.3992   -8523.8728  0.4693 
   00931    0.4192   -8477.6404  0.4709 
   00932    0.4048   -8476.3188  0.4728 
   00933    0.4188   -8497.4429  0.4728 
   00934    0.4008   -8518.2400  0.4722 
   00935    0.4068   -8468.1750  0.4707 
   00936    0.4360   -8514.9519  0.4718 
   00937    0.3984   -8530.9327  0.4693 
   00938    0.4292   -8509.3491  0.4665 
   00939    0.4404   -8477.9983  0.4667 
   00940    0.4056   -8498.3610  0.4677 
   00941    0.4152   -8537.0515  0.4688 
   00942    0.4280   -8507.9846  0.4639 
   00943    0.4140   -8542.8349  0.4663 
   00944    0.4060   -8528.5551  0.4599 
   00945    0.4208   -8546.3612  0.4581 
   00946    0.4192   -8512.7568  0.4650 
   00947    0.4052   -8495.5859  0.4658 
   00948    0.4004   -8485.3049  0.4659 
   00949    0.4148   -8486.0944  0.4666 
   00950    0.3872   -8447.7570  0.4650 
   00951    0.4076   -8488.4717  0.4578 
   00952    0.4160   -8468.2839  0.4529 
   00953    0.4132   -8513.9033  0.4583 
   00954    0.4108   -8497.8040  0.4581 
   00955    0.4316   -8498.9948  0.4574 
   00956    0.3944   -8520.2047  0.4619 
   00957    0.4216   -8567.8953  0.4604 
   00958    0.4080   -8514.7029  0.4626 
   00959    0.4188   -8505.3692  0.4593 
   00960    0.4104   -8448.0134  0.4546 
   00961    0.3908   -8439.4424  0.4498 
   00962    0.4112   -8464.6870  0.4434 
   00963    0.4080   -8450.6398  0.4442 
   00964    0.4120   -8472.2796  0.4500 
   00965    0.3876   -8449.1134  0.4422 
   00966    0.4252   -8438.4147  0.4377 
   00967    0.4200   -8503.7836  0.4384 
   00968    0.4028   -8516.3462  0.4446 
   00969    0.4228   -8520.1086  0.4448 
   00970    0.4200   -8531.2441  0.4451 
   00971    0.4092   -8479.9674  0.4387 
   00972    0.4016   -8431.0834  0.4391 
   00973    0.4352   -8409.9980  0.4368 
   00974    0.4100   -8399.4073  0.4362 
   00975    0.4136   -8461.0758  0.4337 
   00976    0.4256   -8441.5278  0.4374 
   00977    0.4324   -8448.7394  0.4405 
   00978    0.4152   -8436.9257  0.4468 
   00979    0.4248   -8433.4620  0.4419 
   00980    0.4188   -8467.1500  0.4367 
   00981    0.4244   -8487.4251  0.4374 
   00982    0.4140   -8465.1437  0.4384 
   00983    0.4172   -8494.3855  0.4388 
   00984    0.4064   -8457.6869  0.4379 
   00985    0.4148   -8467.4936  0.4404 
   00986    0.4116   -8490.4026  0.4377 
   00987    0.4160   -8447.4213  0.4326 
   00988    0.4252   -8401.8588  0.4352 
   00989    0.3940   -8447.0217  0.4378 
   00990    0.4188   -8492.0886  0.4407 
   00991    0.4180   -8523.1544  0.4355 
   00992    0.4004   -8561.9249  0.4415 
   00993    0.4240   -8556.7886  0.4391 
   00994    0.4124   -8528.0995  0.4402 
   00995    0.4164   -8512.7406  0.4440 
   00996    0.4048   -8530.5200  0.4498 
   00997    0.4044   -8555.1932  0.4517 
   00998    0.4084   -8526.0312  0.4445 
   00999    0.4084   -8509.1991  0.4432 
   01000    0.4160   -8472.9798  0.4418 
