#=====================================================
# File created:        Wed-30-Oct-2024-at-12-33-02AM
# Size of lattice:     30x30
# Number of MC steps:  1000
# Reduced temperature: 0.500
# Run time (s):        1.466738
#=====================================================
# MC step:  Ratio:     Energy:   Order:
#=====================================================
   00000    0.5000    -935.1292  0.2702 
   00001    0.6856   -1323.5893  0.2940 
   00002    0.6233   -1642.9116  0.2970 
   00003    0.5800   -1878.6329  0.2897 
   00004    0.5167   -2075.1302  0.2913 
   00005    0.5144   -2149.2752  0.3012 
   00006    0.5411   -2249.4409  0.3137 
   00007    0.5178   -2350.8703  0.3070 
   00008    0.5067   -2437.8624  0.3269 
   00009    0.5000   -2432.1330  0.3481 
   00010    0.5033   -2493.2596  0.3561 
   00011    0.4900   -2512.0627  0.3618 
   00012    0.5156   -2574.0911  0.3653 
   00013    0.4744   -2578.8696  0.3752 
   00014    0.4733   -2614.2360  0.3738 
   00015    0.4556   -2655.4217  0.3706 
   00016    0.4556   -2669.5797  0.3749 
   00017    0.4233   -2660.9786  0.3778 
   00018    0.4567   -2735.1328  0.3754 
   00019    0.4322   -2746.4882  0.3820 
   00020    0.4356   -2766.0351  0.3861 
   00021    0.4511   -2820.5860  0.3931 
   00022    0.4544   -2820.1861  0.3939 
   00023    0.4467   -2814.1159  0.4004 
   00024    0.4578   -2796.8051  0.4084 
   00025    0.4578   -2781.0009  0.4240 
   00026    0.4256   -2811.4421  0.4319 
   00027    0.4289   -2839.4851  0.4487 
   00028    0.4044   -2875.6848  0.4525 
   00029    0.4444   -2864.1546  0.4682 
   00030    0.4367   -2868.5938  0.4766 
   00031    0.4244   -2853.8437  0.4800 
   00032    0.4356   -2875.4407  0.4808 
   00033    0.4033   -2906.4527  0.4887 
   00034    0.4067   -2927.1680  0.4923 
   00035    0.4111   -2944.5875  0.4905 
   00036    0.4200   -2949.6848  0.4893 
   00037    0.4500   -2942.9038  0.5079 
   00038    0.3933   -2935.7749  0.5102 
   00039    0.4178   -2951.3621  0.4950 
   00040    0.4489   -2932.2182  0.5013 
   00041    0.4256   -2938.9785  0.4986 
   00042    0.4089   -2932.1353  0.5006 
   00043    0.3989   -2916.5737  0.5023 
   00044    0.4400   -2932.5795  0.5022 
   00045    0.4200   -2968.9505  0.5084 
   00046    0.4333   -2961.5930  0.5013 
   00047    0.4333   -2989.8666  0.5010 
   00048    0.4056   -3012.5087  0.5045 
   00049    0.4144   -3012.0421  0.5118 
   00050    0.4456   -2987.3826  0.5074 
   00051    0.4300   -2996.8503  0.5142 
   00052    0.4289   -2980.6598  0.5104 
   00053    0.4444   -2988.4012  0.5183 
   00054    0.4333   -3032.1503  0.5184 
   00055    0.4056   -3018.7312  0.5141 
   00056    0.4067   -3005.8695  0.5201 
   00057    0.4256   -2980.1641  0.5171 
   00058    0.4267   -2979.6755  0.5264 
   00059    0.4200   -2966.9508  0.5281 
   00060    0.4333   -2985.9457  0.5280 
   00061    0.4100   -3003.6814  0.5319 
   00062    0.4167   -2998.9693  0.5269 
   00063    0.4400   -2994.4003  0.5292 
   00064    0.4144   -3015.2359  0.5281 
   00065    0.4300   -3006.4135  0.5352 
   00066    0.4378   -3001.3594  0.5328 
   00067    0.4111   -3013.2391  0.5281 
   00068    0.4167   -2993.3054  0.5359 
   00069    0.4367   -2964.4001  0.5427 
   00070    0.4222   -2980.6958  0.5428 
   00071    0.4089   -3008.3575  0.5551 
   00072    0.3978   -3032.7873  0.5588 
   00073    0.4078   -3025.9414  0.5569 
   00074    0.4044   -3012.7293  0.5664 
   00075    0.4056   -2984.5223  0.5622 
   00076    0.3878   -3023.1997  0.5599 
   00077    0.4589   -3027.5885  0.5603 
   00078    0.3967   -3013.4036  0.5623 
   00079    0.4400   -3049.0129  0.5657 
   00080    0.4178   -3033.6146  0.5779 
   00081    0.4333   -3032.7634  0.5809 
   00082    0.3911   -3029.8430  0.5862 
   00083    0.4189   -3008.7325  0.5895 
   00084    0.3833   -3026.5997  0.5885 
   00085    0.4033   -3017.6727  0.5763 
   00086    0.4444   -3016.8866  0.5869 
   00087    0.4167   -3016.5878  0.5912 
   00088    0.4300   -3041.4781  0.5932 
   00089    0.4222   -3043.1118  0.5916 
   00090    0.4256   -3017.3039  0.5872 
   00091    0.4100   -3008.9043  0.5872 
   00092    0.4278   -3011.2337  0.5803 
   00093    0.4111   -3031.4166  0.5976 
   00094    0.3956   -3040.7340  0.5897 
   00095    0.4311   -3050.4606  0.5979 
   00096    0.4211   -3034.3287  0.6036 
   00097    0.4067   -3022.2311  0.5999 
   00098    0.3822   -3009.1319  0.6028 
   00099    0.4189   -3010.8935  0.6118 
   00100    0.4100   -3002.6229  0.6203 
   00101    0.4256   -3023.0368  0.6172 
   00102    0.4389   -3022.8076  0.6236 
   00103    0.4111   -3010.1400  0.6308 
   00104    0.4278   -3014.1652  0.6243 
   00105    0.4089   -3039.1127  0.6294 
   00106    0.4044   -3030.8081  0.6265 
   00107    0.3956   -3015.2111  0.6197 
   00108    0.4222   -3024.4417  0.6107 
   00109    0.4311   -2988.1728  0.6061 
   00110    0.3900   -3009.5337  0.6078 
   00111    0.4178   -3022.7432  0.6072 
   00112    0.4333   -3004.6226  0.6057 
   00113    0.4300   -2993.7556  0.6072 
   00114    0.4267   -2990.3679  0.6057 
   00115    0.4322   -3020.8478  0.6119 
   00116    0.3978   -3011.3885  0.6117 
   00117    0.4300   -3026.7192  0.6066 
   00118    0.4078   -3031.3855  0.6133 
   00119    0.3778   -3028.8311  0.6173 
   00120    0.3956   -3043.6454  0.6168 
   00121    0.4033   -3052.7755  0.6087 
   00122    0.4333   -3029.3303  0.6118 
   00123    0.4544   -3056.8527  0.6008 
   00124    0.4033   -3033.0179  0.5992 
   00125    0.4133   -3022.1300  0.5988 
   00126    0.4211   -3022.5390  0.5987 
   00127    0.4289   -3018.1016  0.6049 
   00128    0.4411   -3042.3487  0.6213 
   00129    0.4056   -3039.2471  0.6173 
   00130    0.4278   -3032.8158  0.6146 
   00131    0.3956   -3023.5881  0.6245 
   00132    0.4044   -3008.2594  0.6251 
   00133    0.4389   -3016.7547  0.6300 
   00134    0.4233   -3016.7797  0.6237 
   00135    0.3911   -3043.3263  0.6299 
   00136    0.4311   -3041.3111  0.6378 
   00137    0.3933   -3021.5923  0.6339 
   00138    0.4544   -3021.3575  0.6392 
   00139    0.4000   -2998.1062  0.6413 
   00140    0.4033   -3010.6319  0.6378 
   00141    0.4200   -3034.6696  0.6373 
   00142    0.4111   -3044.2133  0.6360 
   00143    0.4044   -3047.6450  0.6331 
   00144    0.4344   -3058.3622  0.6380 
   00145    0.4011   -3069.1500  0.6418 
   00146    0.4244   -3067.0936  0.6344 
   00147    0.4100   -3057.2861  0.6436 
   00148    0.4078   -3071.8246  0.6413 
   00149    0.4433   -3059.1416  0.6309 
   00150    0.4356   -3041.3036  0.6258 
   00151    0.4178   -3045.8270  0.6320 
   00152    0.3956   -3052.1478  0.6335 
   00153    0.4100   -3077.7464  0.6380 
   00154    0.4344   -3066.7093  0.6402 
   00155    0.3967   -3035.0509  0.6429 
   00156    0.3944   -3028.0347  0.6385 
   00157    0.4178   -3021.1284  0.6336 
   00158    0.4111   -3014.6305  0.6276 
   00159    0.3900   -3014.4590  0.6229 
   00160    0.3867   -2994.3800  0.6177 
   00161    0.4289   -2988.5636  0.6253 
   00162    0.4289   -3008.6613  0.6163 
   00163    0.4322   -3026.5849  0.6116 
   00164    0.4378   -3037.3283  0.6202 
   00165    0.4222   -3038.0035  0.6216 
   00166    0.4133   -3038.4641  0.6226 
   00167    0.4089   -3070.0976  0.6219 
   00168    0.4167   -3070.8218  0.6210 
   00169    0.4233   -3055.2802  0.6319 
   00170    0.4500   -3035.0362  0.6186 
   00171    0.4111   -3012.3857  0.6091 
   00172    0.4411   -2992.0354  0.6087 
   00173    0.4333   -2992.3140  0.5988 
   00174    0.4222   -3002.3580  0.5989 
   00175    0.4511   -2991.1135  0.5932 
   00176    0.4156   -3000.5847  0.6009 
   00177    0.4044   -2996.5693  0.5899 
   00178    0.4067   -2991.5297  0.6025 
   00179    0.4111   -2982.7557  0.5993 
   00180    0.4056   -3031.3704  0.6108 
   00181    0.4033   -3029.3273  0.6101 
   00182    0.4211   -3006.7485  0.6218 
   00183    0.4222   -3035.5190  0.6267 
   00184    0.4267   -3045.9646  0.6363 
   00185    0.4133   -3066.1495  0.6398 
   00186    0.4122   -3072.7607  0.6368 
   00187    0.4211   -3073.5512  0.6446 
   00188    0.3911   -3056.7699  0.6548 
   00189    0.4111   -3041.1981  0.6582 
   00190    0.4422   -3032.6789  0.6483 
   00191    0.4167   -3033.0307  0.6424 
   00192    0.4267   -3021.1114  0.6446 
   00193    0.3822   -3055.8637  0.6471 
   00194    0.4044   -3065.1838  0.6423 
   00195    0.3900   -3051.3514  0.6415 
   00196    0.4211   -3059.5940  0.6292 
   00197    0.4267   -3067.0762  0.6309 
   00198    0.3789   -3069.3766  0.6285 
   00199    0.4178   -3071.7804  0.6324 
   00200    0.4511   -3038.5204  0.6360 
   00201    0.4167   -3019.0665  0.6344 
   00202    0.4178   -3016.7171  0.6383 
   00203    0.4222   -3026.9651  0.6458 
   00204    0.4111   -3010.2456  0.6433 
   00205    0.3944   -3017.9547  0.6323 
   00206    0.4244   -3012.7623  0.6371 
   00207    0.4422   -3010.4673  0.6414 
   00208    0.4278   -3030.2339  0.6544 
   00209    0.4311   -3039.4317  0.6582 
   00210    0.4111   -3042.9334  0.6692 
   00211    0.4167   -3048.5232  0.6750 
   00212    0.4178   -3019.5934  0.6809 
   00213    0.4400   -3007.7336  0.6869 
   00214    0.4389   -2985.9493  0.6794 
   00215    0.3989   -3036.2634  0.6869 
   00216    0.4233   -3016.3232  0.6920 
   00217    0.4400   -3045.8409  0.6968 
   00218    0.4211   -3066.3625  0.6905 
   00219    0.4211   -3049.4122  0.6910 
   00220    0.4067   -3059.4873  0.6967 
   00221    0.4233   -3069.9985  0.6882 
   00222    0.4278   -3075.5183  0.6974 
   00223    0.3833   -3060.3847  0.6962 
   00224    0.3978   -3031.1710  0.7000 
   00225    0.3933   -3047.3385  0.7097 
   00226    0.3956   -3056.1961  0.7117 
   00227    0.4111   -3080.9100  0.7127 
   00228    0.4311   -3053.8679  0.7060 
   00229    0.4189   -3038.9165  0.7001 
   00230    0.4144   -3058.1893  0.7009 
   00231    0.4122   -3032.8676  0.6987 
   00232    0.3833   -3017.1935  0.6994 
   00233    0.4000   -3017.9144  0.7032 
   00234    0.4144   -3001.4709  0.7033 
   00235    0.4256   -3062.7372  0.7056 
   00236    0.3967   -3097.1763  0.7080 
   00237    0.3778   -3115.2006  0.7163 
   00238    0.4244   -3102.6373  0.7176 
   00239    0.4167   -3112.0470  0.7237 
   00240    0.4111   -3104.7837  0.7231 
   00241    0.4111   -3106.1712  0.7287 
   00242    0.4256   -3115.0874  0.7358 
   00243    0.3867   -3116.3475  0.7242 
   00244    0.3867   -3084.9721  0.7170 
   00245    0.4056   -3105.8214  0.7247 
   00246    0.4167   -3089.2600  0.7117 
   00247    0.4189   -3070.6980  0.7124 
   00248    0.3878   -3082.0195  0.7142 
   00249    0.4011   -3086.5189  0.7225 
   00250    0.4089   -3072.0239  0.7337 
   00251    0.4322   -3079.3219  0.7325 
   00252    0.4089   -3040.7586  0.7278 
   00253    0.3822   -3050.3581  0.7339 
   00254    0.4211   -3058.0964  0.7241 
   00255    0.4189   -3090.1740  0.7356 
   00256    0.4056   -3085.0406  0.7399 
   00257    0.3956   -3074.0405  0.7359 
   00258    0.4122   -3115.5895  0.7426 
   00259    0.4056   -3087.6122  0.7389 
   00260    0.4144   -3071.3295  0.7392 
   00261    0.4078   -3055.5081  0.7334 
   00262    0.3944   -3067.9456  0.7441 
   00263    0.3933   -3071.6606  0.7484 
   00264    0.4189   -3069.1216  0.7478 
   00265    0.4300   -3088.5913  0.7452 
   00266    0.3867   -3089.7235  0.7452 
   00267    0.4144   -3070.1789  0.7337 
   00268    0.4022   -3079.9165  0.7381 
   00269    0.4111   -3089.0444  0.7406 
   00270    0.3800   -3099.3996  0.7385 
   00271    0.3900   -3115.8280  0.7330 
   00272    0.4133   -3111.7230  0.7380 
   00273    0.4222   -3101.5047  0.7420 
   00274    0.3989   -3112.9216  0.7429 
   00275    0.4133   -3105.3262  0.7390 
   00276    0.4367   -3108.2374  0.7380 
   00277    0.4067   -3115.1740  0.7369 
   00278    0.4089   -3119.7202  0.7418 
   00279    0.3922   -3110.7612  0.7462 
   00280    0.3967   -3096.6110  0.7461 
   00281    0.4122   -3066.6775  0.7475 
   00282    0.4244   -3042.1563  0.7472 
   00283    0.3922   -3050.4991  0.7466 
   00284    0.3889   -3053.7645  0.7330 
   00285    0.3967   -3064.5564  0.7387 
   00286    0.3978   -3058.4162  0.7394 
   00287    0.4278   -3055.4910  0.7554 
   00288    0.3922   -3040.6822  0.7578 
   00289    0.4089   -3035.4527  0.7541 
   00290    0.4244   -3044.0577  0.7553 
   00291    0.4189   -3083.4166  0.7641 
   00292    0.3978   -3092.7071  0.7626 
   00293    0.4144   -3078.2941  0.7587 
   00294    0.4044   -3114.8086  0.7631 
   00295    0.4111   -3151.2737  0.7793 
   00296    0.3967   -3127.3888  0.7697 
   00297    0.4133   -3123.4931  0.7662 
   00298    0.3856   -3112.9957  0.7566 
   00299    0.4400   -3080.9491  0.7552 
   00300    0.4178   -3095.3051  0.7631 
   00301    0.3844   -3107.1974  0.7648 
   00302    0.4244   -3111.1045  0.7660 
   00303    0.3856   -3119.1126  0.7654 
   00304    0.4233   -3109.0859  0.7716 
   00305    0.3878   -3128.4708  0.7710 
   00306    0.3822   -3126.2032  0.7711 
   00307    0.4044   -3114.9622  0.7660 
   00308    0.4011   -3088.7147  0.7637 
   00309    0.4133   -3074.6768  0.7554 
   00310    0.3911   -3073.3214  0.7582 
   00311    0.4267   -3075.0468  0.7555 
   00312    0.4078   -3077.3818  0.7615 
   00313    0.4167   -3071.3888  0.7611 
   00314    0.4244   -3070.3646  0.7676 
   00315    0.4200   -3056.7446  0.7638 
   00316    0.4289   -3066.6803  0.7691 
   00317    0.4200   -3059.5595  0.7654 
   00318    0.4156   -3062.2737  0.7617 
   00319    0.4333   -3021.5157  0.7606 
   00320    0.3967   -3036.9652  0.7631 
   00321    0.4233   -3023.5114  0.7675 
   00322    0.4133   -3020.9882  0.7551 
   00323    0.4078   -3037.5156  0.7653 
   00324    0.4189   -3055.0548  0.7620 
   00325    0.4389   -3081.2976  0.7648 
   00326    0.4000   -3085.2854  0.7572 
   00327    0.4089   -3062.8148  0.7471 
   00328    0.4122   -3036.7009  0.7415 
   00329    0.3933   -3021.9281  0.7352 
   00330    0.4078   -3035.8683  0.7427 
   00331    0.4111   -3057.1404  0.7404 
   00332    0.4144   -3070.0416  0.7436 
   00333    0.4011   -3060.8149  0.7517 
   00334    0.4133   -3105.4065  0.7531 
   00335    0.3944   -3119.8097  0.7646 
   00336    0.4144   -3121.8478  0.7691 
   00337    0.4078   -3098.9670  0.7743 
   00338    0.4144   -3072.3219  0.7628 
   00339    0.4078   -3082.4230  0.7594 
   00340    0.4267   -3064.5312  0.7635 
   00341    0.3844   -3065.8606  0.7527 
   00342    0.4211   -3058.0881  0.7491 
   00343    0.4267   -3050.8529  0.7511 
   00344    0.4444   -3074.4546  0.7618 
   00345    0.4089   -3074.8735  0.7659 
   00346    0.4133   -3044.7274  0.7612 
   00347    0.4367   -3048.0711  0.7673 
   00348    0.4111   -3083.8762  0.7744 
   00349    0.4444   -3104.0163  0.7777 
   00350    0.4233   -3101.6547  0.7818 
   00351    0.4078   -3116.6044  0.7745 
   00352    0.3844   -3104.1556  0.7690 
   00353    0.3844   -3118.8522  0.7762 
   00354    0.3867   -3114.3867  0.7694 
   00355    0.4222   -3089.5424  0.7666 
   00356    0.4278   -3102.5064  0.7760 
   00357    0.3833   -3084.0806  0.7698 
   00358    0.4100   -3074.0617  0.7706 
   00359    0.4311   -3095.4259  0.7822 
   00360    0.4078   -3061.7172  0.7754 
   00361    0.4278   -3057.4959  0.7779 
   00362    0.4178   -3063.8426  0.7837 
   00363    0.3922   -3087.9252  0.7851 
   00364    0.4011   -3106.4620  0.7876 
   00365    0.4056   -3102.4013  0.7890 
   00366    0.4378   -3113.1246  0.7865 
   00367    0.4000   -3129.7201  0.7806 
   00368    0.4244   -3111.9463  0.7775 
   00369    0.4044   -3127.9634  0.7794 
   00370    0.4111   -3129.1995  0.7791 
   00371    0.4200   -3108.7982  0.7870 
   00372    0.4433   -3110.9783  0.7801 
   00373    0.3856   -3096.2231  0.7757 
   00374    0.4144   -3085.5089  0.7720 
   00375    0.4356   -3094.4174  0.7677 
   00376    0.3800   -3113.7193  0.7699 
   00377    0.3656   -3112.9362  0.7692 
   00378    0.3889   -3089.0738  0.7633 
   00379    0.4122   -3061.7925  0.7465 
   00380    0.4244   -3065.1396  0.7484 
   00381    0.4433   -3068.8894  0.7473 
   00382    0.4111   -3072.0600  0.7501 
   00383    0.4289   -3064.1049  0.7480 
   00384    0.4122   -3071.4766  0.7480 
   00385    0.4100   -3078.1507  0.7506 
   00386    0.4033   -3087.9624  0.7536 
   00387    0.3956   -3090.4009  0.7615 
   00388    0.3533   -3074.1178  0.7649 
   00389    0.4011   -3071.4288  0.7601 
   00390    0.4289   -3072.7213  0.7528 
   00391    0.3956   -3074.2524  0.7521 
   00392    0.4400   -3050.1910  0.7547 
   00393    0.4122   -3035.6160  0.7550 
   00394    0.4411   -3076.5289  0.7496 
   00395    0.4267   -3043.9380  0.7518 
   00396    0.4078   -3033.3056  0.7413 
   00397    0.4356   -3032.6995  0.7447 
   00398    0.4633   -3057.8925  0.7522 
   00399    0.4367   -3066.1039  0.7524 
   00400    0.4056   -3065.4279  0.7527 
   00401    0.4156   -3063.5685  0.7505 
   00402    0.4233   -3085.8323  0.7608 
   00403    0.4067   -3096.0621  0.7611 
   00404    0.4033   -3094.3585  0.7650 
   00405    0.4289   -3090.3450  0.7739 
   00406    0.4000   -3081.4066  0.7647 
   00407    0.4056   -3054.8049  0.7594 
   00408    0.4133   -3086.4862  0.7603 
   00409    0.4167   -3081.2068  0.7580 
   00410    0.3922   -3061.5034  0.7603 
   00411    0.4200   -3055.7903  0.7600 
   00412    0.4100   -3081.8130  0.7638 
   00413    0.3844   -3063.3068  0.7625 
   00414    0.3956   -3084.0710  0.7629 
   00415    0.4122   -3107.3919  0.7719 
   00416    0.3789   -3091.0461  0.7657 
   00417    0.4111   -3071.7483  0.7657 
   00418    0.4022   -3067.4395  0.7652 
   00419    0.4056   -3080.0064  0.7765 
   00420    0.3967   -3082.8828  0.7732 
   00421    0.4033   -3068.1876  0.7601 
   00422    0.3922   -3062.2363  0.7627 
   00423    0.4322   -3062.0262  0.7641 
   00424    0.4167   -3077.3525  0.7597 
   00425    0.4367   -3084.4287  0.7606 
   00426    0.4000   -3134.1839  0.7685 
   00427    0.3733   -3117.1113  0.7741 
   00428    0.4044   -3104.3371  0.7651 
   00429    0.4033   -3099.4463  0.7665 
   00430    0.4044   -3103.9297  0.7683 
   00431    0.4100   -3089.1563  0.7619 
   00432    0.4356   -3067.0735  0.7622 
   00433    0.4078   -3071.7718  0.7679 
   00434    0.3844   -3080.9121  0.7739 
   00435    0.4111   -3097.5482  0.7761 
   00436    0.4111   -3103.3431  0.7760 
   00437    0.4211   -3103.0246  0.7692 
   00438    0.3978   -3089.9578  0.7619 
   00439    0.4000   -3069.3428  0.7661 
   00440    0.3956   -3083.0361  0.7748 
   00441    0.4211   -3076.0175  0.7630 
   00442    0.4344   -3085.6687  0.7754 
   00443    0.3978   -3105.1262  0.7783 
   00444    0.3956   -3090.3718  0.7704 
   00445    0.3878   -3097.6310  0.7702 
   00446    0.4156   -3094.1236  0.7720 
   00447    0.4211   -3098.1693  0.7768 
   00448    0.3778   -3095.2506  0.7777 
   00449    0.4433   -3112.2703  0.7776 
   00450    0.3933   -3090.4651  0.7757 
   00451    0.4011   -3084.3498  0.7760 
   00452    0.3767   -3091.7916  0.7797 
   00453    0.3822   -3111.0214  0.7831 
   00454    0.4033   -3124.1163  0.7856 
   00455    0.4133   -3110.2816  0.7764 
   00456    0.3933   -3095.5658  0.7819 
   00457    0.4111   -3112.6131  0.7822 
   00458    0.4156   -3112.2081  0.7840 
   00459    0.3956   -3128.9382  0.7894 
   00460    0.3978   -3126.3308  0.7928 
   00461    0.4022   -3116.1034  0.8017 
   00462    0.4044   -3111.4644  0.8100 
   00463    0.4311   -3109.0267  0.8089 
   00464    0.3978   -3119.7553  0.8113 
   00465    0.3856   -3139.6784  0.8104 
   00466    0.4256   -3145.6149  0.8055 
   00467    0.4222   -3133.9611  0.8133 
   00468    0.4300   -3134.4430  0.8094 
   00469    0.4167   -3123.4505  0.8073 
   00470    0.4100   -3125.6757  0.8047 
   00471    0.3900   -3103.9985  0.8022 
   00472    0.3800   -3094.4979  0.8026 
   00473    0.4067   -3081.5595  0.8055 
   00474    0.4267   -3070.1199  0.7993 
   00475    0.4233   -3092.0578  0.8023 
   00476    0.3800   -3106.9227  0.8123 
   00477    0.3900   -3102.4991  0.8221 
   00478    0.4267   -3079.2866  0.8192 
   00479    0.3933   -3086.3391  0.8208 
   00480    0.4200   -3078.5108  0.8265 
   00481    0.3933   -3086.7116  0.8292 
   00482    0.4256   -3076.9361  0.8254 
   00483    0.3911   -3103.5818  0.8269 
   00484    0.3989   -3095.5894  0.8271 
   00485    0.3944   -3090.1216  0.8306 
   00486    0.3967   -3085.3922  0.8235 
   00487    0.4422   -3085.3413  0.8323 
   00488    0.4289   -3079.9941  0.8300 
   00489    0.3889   -3067.5530  0.8285 
   00490    0.3956   -3074.2572  0.8337 
   00491    0.4256   -3061.2099  0.8305 
   00492    0.3722   -3084.3137  0.8284 
   00493    0.4167   -3085.1031  0.8234 
   00494    0.3822   -3060.8247  0.8212 
   00495    0.4011   -3089.2091  0.8216 
   00496    0.4178   -3067.4667  0.8217 
   00497    0.4356   -3085.0081  0.8276 
   00498    0.4078   -3064.4486  0.8189 
   00499    0.4156   -3076.9913  0.8232 
   00500    0.3711   -3083.4224  0.8263 
   00501    0.4344   -3079.6192  0.8210 
   00502    0.4200   -3080.6139  0.8218 
   00503    0.4089   -3082.4775  0.8161 
   00504    0.3856   -3090.7287  0.8155 
   00505    0.4133   -3095.0207  0.8137 
   00506    0.4300   -3064.2028  0.8078 
   00507    0.4278   -3058.1019  0.8059 
   00508    0.3956   -3070.3920  0.8078 
   00509    0.4156   -3057.3413  0.8024 
   00510    0.4156   -3086.5315  0.8017 
   00511    0.3922   -3084.1704  0.8066 
   00512    0.4056   -3038.9808  0.7992 
   00513    0.4289   -3054.9690  0.7931 
   00514    0.4089   -3061.3938  0.7950 
   00515    0.4267   -3071.8043  0.7968 
   00516    0.4189   -3049.8692  0.7932 
   00517    0.3867   -3066.7011  0.8040 
   00518    0.3933   -3065.0055  0.8047 
   00519    0.4356   -3069.2668  0.8049 
   00520    0.4089   -3073.1080  0.8003 
   00521    0.4356   -3086.2485  0.8068 
   00522    0.4422   -3134.0134  0.8138 
   00523    0.3978   -3122.3529  0.8120 
   00524    0.4144   -3103.0709  0.8160 
   00525    0.4300   -3075.6700  0.8084 
   00526    0.4356   -3095.3446  0.8172 
   00527    0.4122   -3102.2435  0.8197 
   00528    0.4189   -3071.0593  0.8110 
   00529    0.4111   -3087.8340  0.8149 
   00530    0.4211   -3109.7306  0.8164 
   00531    0.3778   -3136.5733  0.8212 
   00532    0.4033   -3131.6107  0.8161 
   00533    0.4200   -3095.5572  0.8077 
   00534    0.4256   -3086.2889  0.8042 
   00535    0.4356   -3117.3708  0.8113 
   00536    0.4233   -3100.9494  0.8174 
   00537    0.3956   -3111.4612  0.8263 
   00538    0.4322   -3127.4059  0.8301 
   00539    0.3978   -3133.7400  0.8354 
   00540    0.3900   -3127.6127  0.8281 
   00541    0.4089   -3114.6077  0.8182 
   00542    0.3922   -3119.4096  0.8197 
   00543    0.4167   -3125.8600  0.8293 
   00544    0.4044   -3138.5859  0.8293 
   00545    0.4011   -3142.4443  0.8282 
   00546    0.4267   -3151.2017  0.8280 
   00547    0.4211   -3138.8436  0.8270 
   00548    0.3778   -3118.8777  0.8229 
   00549    0.4022   -3154.6482  0.8318 
   00550    0.4189   -3137.7601  0.8251 
   00551    0.3922   -3106.1815  0.8179 
   00552    0.3944   -3078.8072  0.8126 
   00553    0.3889   -3078.8839  0.8159 
   00554    0.4222   -3046.9361  0.8129 
   00555    0.3822   -3071.3058  0.8214 
   00556    0.3933   -3087.4866  0.8240 
   00557    0.3811   -3082.8057  0.8241 
   00558    0.4022   -3070.2506  0.8270 
   00559    0.4156   -3066.2914  0.8244 
   00560    0.4122   -3048.4558  0.8172 
   00561    0.4278   -3074.2178  0.8209 
   00562    0.4111   -3091.1428  0.8246 
   00563    0.3989   -3083.9240  0.8225 
   00564    0.3956   -3080.1301  0.8202 
   00565    0.4189   -3064.8226  0.8170 
   00566    0.4000   -3058.3815  0.8213 
   00567    0.4422   -3059.5953  0.8214 
   00568    0.3978   -3055.1074  0.8125 
   00569    0.4100   -3022.2502  0.8093 
   00570    0.4022   -3042.1268  0.8154 
   00571    0.4344   -3067.0684  0.8259 
   00572    0.4211   -3046.9747  0.8328 
   00573    0.4022   -3043.9340  0.8306 
   00574    0.3978   -3071.5737  0.8387 
   00575    0.4100   -3088.0238  0.8392 
   00576    0.4333   -3098.4937  0.8374 
   00577    0.4178   -3086.0100  0.8404 
   00578    0.4133   -3060.3082  0.8374 
   00579    0.4478   -3023.2873  0.8349 
   00580    0.4178   -3038.0939  0.8376 
   00581    0.4178   -3024.5588  0.8303 
   00582    0.4156   -3034.6057  0.8359 
   00583    0.4500   -3048.4448  0.8340 
   00584    0.4167   -3066.4700  0.8341 
   00585    0.3744   -3086.9234  0.8373 
   00586    0.3889   -3071.9926  0.8318 
   00587    0.3933   -3072.4520  0.8328 
   00588    0.3933   -3074.8237  0.8366 
   00589    0.4156   -3052.3858  0.8230 
   00590    0.4433   -3053.7041  0.8236 
   00591    0.4344   -3078.7526  0.8211 
   00592    0.3856   -3071.7263  0.8213 
   00593    0.4033   -3065.7439  0.8244 
   00594    0.4256   -3104.3543  0.8314 
   00595    0.3989   -3062.2483  0.8237 
   00596    0.4344   -3072.3696  0.8321 
   00597    0.4122   -3064.8346  0.8333 
   00598    0.4133   -3089.3734  0.8389 
   00599    0.4056   -3072.8978  0.8446 
   00600    0.4244   -3034.3175  0.8349 
   00601    0.4222   -3021.3641  0.8287 
   00602    0.3844   -3035.9890  0.8298 
   00603    0.4267   -3041.3515  0.8323 
   00604    0.4222   -3032.3155  0.8321 
   00605    0.4267   -3033.4616  0.8369 
   00606    0.4222   -3091.5097  0.8460 
   00607    0.4144   -3084.7866  0.8472 
   00608    0.4189   -3074.9735  0.8523 
   00609    0.4111   -3068.5446  0.8505 
   00610    0.4044   -3062.2232  0.8484 
   00611    0.4022   -3067.1877  0.8515 
   00612    0.4089   -3046.9552  0.8468 
   00613    0.4289   -3053.5522  0.8531 
   00614    0.4122   -3070.0579  0.8605 
   00615    0.4011   -3068.5525  0.8627 
   00616    0.4267   -3088.5047  0.8645 
   00617    0.4211   -3077.4920  0.8663 
   00618    0.3989   -3083.0366  0.8668 
   00619    0.4333   -3087.3464  0.8742 
   00620    0.4200   -3124.2868  0.8798 
   00621    0.4111   -3158.4594  0.8830 
   00622    0.4533   -3141.4815  0.8804 
   00623    0.3933   -3110.4899  0.8811 
   00624    0.4233   -3113.1094  0.8803 
   00625    0.4044   -3105.5246  0.8824 
   00626    0.3967   -3071.4385  0.8768 
   00627    0.4022   -3096.1300  0.8823 
   00628    0.3989   -3108.5464  0.8863 
   00629    0.4222   -3099.1225  0.8806 
   00630    0.4233   -3130.8620  0.8835 
   00631    0.3833   -3131.2919  0.8828 
   00632    0.3978   -3078.8750  0.8815 
   00633    0.4011   -3070.7683  0.8718 
   00634    0.4311   -3057.7580  0.8666 
   00635    0.4111   -3043.7099  0.8595 
   00636    0.3900   -3059.6090  0.8591 
   00637    0.4167   -3046.4507  0.8598 
   00638    0.4022   -3079.0799  0.8665 
   00639    0.4311   -3085.7125  0.8589 
   00640    0.3867   -3095.3950  0.8580 
   00641    0.3800   -3123.9496  0.8615 
   00642    0.4100   -3149.7964  0.8632 
   00643    0.4011   -3126.3747  0.8571 
   00644    0.4122   -3126.6376  0.8588 
   00645    0.4122   -3124.4280  0.8608 
   00646    0.4178   -3134.8565  0.8608 
   00647    0.4067   -3124.9827  0.8602 
   00648    0.4222   -3111.0716  0.8634 
   00649    0.4411   -3119.1434  0.8628 
   00650    0.4100   -3123.9986  0.8609 
   00651    0.4000   -3109.3229  0.8621 
   00652    0.4200   -3098.4849  0.8603 
   00653    0.4400   -3117.0320  0.8646 
   00654    0.4133   -3115.1266  0.8635 
   00655    0.4022   -3110.8256  0.8626 
   00656    0.3956   -3057.0879  0.8571 
   00657    0.4333   -3047.9074  0.8538 
   00658    0.4156   -3092.5197  0.8619 
   00659    0.4033   -3085.5402  0.8601 
   00660    0.4122   -3074.0537  0.8566 
   00661    0.3933   -3066.4068  0.8555 
   00662    0.3922   -3035.3931  0.8461 
   00663    0.4244   -3013.2885  0.8489 
   00664    0.4189   -3011.8773  0.8484 
   00665    0.4278   -3047.8406  0.8525 
   00666    0.4189   -3045.3401  0.8580 
   00667    0.4144   -3042.2909  0.8526 
   00668    0.3922   -3055.0249  0.8526 
   00669    0.4178   -3076.9610  0.8576 
   00670    0.4200   -3115.4782  0.8670 
   00671    0.4222   -3106.5138  0.8633 
   00672    0.3844   -3106.3634  0.8641 
   00673    0.4378   -3106.9969  0.8619 
   00674    0.3989   -3111.7063  0.8641 
   00675    0.4100   -3131.5869  0.8643 
   00676    0.4267   -3137.1873  0.8672 
   00677    0.4244   -3135.9938  0.8722 
   00678    0.4356   -3128.2562  0.8681 
   00679    0.4167   -3103.0222  0.8599 
   00680    0.3922   -3075.0503  0.8535 
   00681    0.4044   -3062.2046  0.8555 
   00682    0.3944   -3075.0583  0.8567 
   00683    0.3911   -3080.5494  0.8585 
   00684    0.4133   -3089.5133  0.8563 
   00685    0.3989   -3107.1507  0.8543 
   00686    0.3744   -3100.6060  0.8514 
   00687    0.4156   -3088.1641  0.8515 
   00688    0.4378   -3116.1716  0.8560 
   00689    0.3900   -3111.5344  0.8531 
   00690    0.3656   -3079.7657  0.8462 
   00691    0.3878   -3075.9771  0.8446 
   00692    0.4344   -3080.2655  0.8482 
   00693    0.4122   -3087.1780  0.8523 
   00694    0.4244   -3069.4490  0.8486 
   00695    0.4222   -3062.7886  0.8441 
   00696    0.4022   -3063.1295  0.8437 
   00697    0.4200   -3059.0817  0.8370 
   00698    0.4267   -3051.2820  0.8361 
   00699    0.4100   -3047.6825  0.8368 
   00700    0.3978   -3045.3113  0.8415 
   00701    0.3744   -3057.9803  0.8455 
   00702    0.3678   -3065.4215  0.8479 
   00703    0.4456   -3086.5016  0.8441 
   00704    0.4033   -3082.2074  0.8514 
   00705    0.4011   -3096.2987  0.8564 
   00706    0.4167   -3094.0348  0.8582 
   00707    0.4156   -3091.5886  0.8561 
   00708    0.4022   -3081.5608  0.8579 
   00709    0.3911   -3133.7575  0.8665 
   00710    0.3900   -3133.1140  0.8656 
   00711    0.4022   -3142.5129  0.8715 
   00712    0.4044   -3133.3766  0.8627 
   00713    0.4111   -3136.4034  0.8619 
   00714    0.4011   -3125.0611  0.8549 
   00715    0.4000   -3136.7964  0.8548 
   00716    0.4322   -3132.3571  0.8577 
   00717    0.3989   -3095.8586  0.8481 
   00718    0.4222   -3086.8278  0.8502 
   00719    0.4000   -3097.4081  0.8497 
   00720    0.4056   -3071.3119  0.8451 
   00721    0.4133   -3093.7190  0.8525 
   00722    0.3956   -3074.6270  0.8525 
   00723    0.3956   -3065.0127  0.8527 
   00724    0.3811   -3047.3371  0.8472 
   00725    0.4089   -3062.9470  0.8474 
   00726    0.4289   -3104.3644  0.8568 
   00727    0.4367   -3078.0765  0.8517 
   00728    0.3778   -3105.7487  0.8653 
   00729    0.3978   -3115.6670  0.8620 
   00730    0.4056   -3084.1284  0.8540 
   00731    0.3867   -3098.7488  0.8553 
   00732    0.4189   -3110.7330  0.8643 
   00733    0.4344   -3112.9116  0.8628 
   00734    0.4067   -3094.1535  0.8632 
   00735    0.4178   -3108.6004  0.8631 
   00736    0.4122   -3126.8154  0.8663 
   00737    0.3867   -3121.0326  0.8671 
   00738    0.3889   -3111.9030  0.8677 
   00739    0.4400   -3120.7742  0.8673 
   00740    0.4022   -3127.3599  0.8622 
   00741    0.3978   -3114.6831  0.8551 
   00742    0.3800   -3110.7303  0.8564 
   00743    0.4278   -3109.6532  0.8502 
   00744    0.4167   -3099.5557  0.8483 
   00745    0.4022   -3109.5627  0.8484 
   00746    0.3611   -3092.0399  0.8425 
   00747    0.3856   -3070.2848  0.8392 
   00748    0.4367   -3064.2107  0.8340 
   00749    0.4189   -3073.6914  0.8287 
   00750    0.3889   -3069.4739  0.8275 
   00751    0.3922   -3060.5040  0.8337 
   00752    0.3911   -3072.8859  0.8343 
   00753    0.4233   -3103.6308  0.8317 
   00754    0.4211   -3117.2416  0.8378 
   00755    0.3989   -3110.4914  0.8406 
   00756    0.4022   -3114.3734  0.8497 
   00757    0.4144   -3108.5725  0.8502 
   00758    0.3878   -3119.4393  0.8504 
   00759    0.4178   -3114.7813  0.8517 
   00760    0.4122   -3132.9142  0.8560 
   00761    0.4111   -3122.3924  0.8539 
   00762    0.4144   -3128.0099  0.8532 
   00763    0.3922   -3115.8481  0.8533 
   00764    0.4333   -3084.6805  0.8464 
   00765    0.4100   -3099.0593  0.8499 
   00766    0.4100   -3103.1940  0.8498 
   00767    0.4011   -3093.3008  0.8558 
   00768    0.4322   -3111.2171  0.8546 
   00769    0.4022   -3109.5717  0.8591 
   00770    0.3922   -3103.7587  0.8546 
   00771    0.4300   -3103.0731  0.8541 
   00772    0.4178   -3091.6809  0.8559 
   00773    0.4322   -3094.2553  0.8545 
   00774    0.4111   -3082.5555  0.8457 
   00775    0.4189   -3069.9852  0.8398 
   00776    0.4144   -3092.2129  0.8369 
   00777    0.4100   -3094.3161  0.8369 
   00778    0.4189   -3117.0808  0.8442 
   00779    0.4200   -3082.4525  0.8414 
   00780    0.3878   -3101.5610  0.8485 
   00781    0.4144   -3110.1535  0.8572 
   00782    0.3667   -3133.2008  0.8570 
   00783    0.3944   -3135.5670  0.8660 
   00784    0.3889   -3131.0570  0.8666 
   00785    0.4178   -3101.3672  0.8585 
   00786    0.4033   -3099.7078  0.8563 
   00787    0.4144   -3122.9628  0.8599 
   00788    0.4278   -3093.9797  0.8427 
   00789    0.4178   -3119.9297  0.8462 
   00790    0.3978   -3085.6451  0.8414 
   00791    0.4144   -3106.6636  0.8520 
   00792    0.4211   -3113.7435  0.8561 
   00793    0.4267   -3102.2696  0.8553 
   00794    0.3900   -3099.9032  0.8528 
   00795    0.4256   -3120.4639  0.8558 
   00796    0.4522   -3136.2368  0.8531 
   00797    0.3900   -3131.9356  0.8508 
   00798    0.4000   -3141.2753  0.8460 
   00799    0.4111   -3116.8438  0.8447 
   00800    0.3978   -3129.4625  0.8469 
   00801    0.4178   -3110.5451  0.8439 
   00802    0.4122   -3130.6144  0.8426 
   00803    0.3900   -3102.9647  0.8395 
   00804    0.4167   -3087.3743  0.8338 
   00805    0.3944   -3085.7206  0.8289 
   00806    0.4111   -3049.6700  0.8276 
   00807    0.4411   -3077.3523  0.8263 
   00808    0.3700   -3069.0306  0.8238 
   00809    0.4122   -3078.2809  0.8300 
   00810    0.4000   -3109.0916  0.8312 
   00811    0.4000   -3081.4451  0.8217 
   00812    0.4267   -3091.9072  0.8207 
   00813    0.4211   -3074.0228  0.8165 
   00814    0.4044   -3068.1984  0.8192 
   00815    0.4000   -3090.7735  0.8157 
   00816    0.4133   -3064.8720  0.8138 
   00817    0.3933   -3064.0721  0.8222 
   00818    0.4044   -3076.4427  0.8308 
   00819    0.4067   -3047.7707  0.8289 
   00820    0.4056   -3077.7128  0.8270 
   00821    0.4044   -3096.7743  0.8212 
   00822    0.4289   -3098.9005  0.8216 
   00823    0.3911   -3106.6630  0.8305 
   00824    0.4311   -3107.2539  0.8336 
   00825    0.4044   -3095.8652  0.8309 
   00826    0.4044   -3078.2953  0.8232 
   00827    0.4100   -3080.3358  0.8215 
   00828    0.4167   -3058.5766  0.8159 
   00829    0.4056   -3073.2248  0.8172 
   00830    0.4022   -3084.3229  0.8248 
   00831    0.4000   -3102.3457  0.8285 
   00832    0.4233   -3102.4201  0.8328 
   00833    0.4344   -3099.6801  0.8242 
   00834    0.4200   -3079.9689  0.8273 
   00835    0.4211   -3090.3632  0.8318 
   00836    0.3944   -3086.2656  0.8289 
   00837    0.3867   -3086.4826  0.8293 
   00838    0.4256   -3081.7899  0.8340 
   00839    0.4367   -3064.5841  0.8348 
   00840    0.4211   -3065.9672  0.8363 
   00841    0.3767   -3076.6141  0.8387 
   00842    0.3778   -3104.5892  0.8460 
   00843    0.4078   -3075.9611  0.8416 
   00844    0.4044   -3048.6248  0.8432 
   00845    0.4156   -3070.0899  0.8489 
   00846    0.4222   -3085.9674  0.8541 
   00847    0.4078   -3075.8724  0.8504 
   00848    0.4156   -3110.9424  0.8582 
   00849    0.3767   -3100.8470  0.8580 
   00850    0.4033   -3094.4939  0.8623 
   00851    0.4189   -3113.9112  0.8585 
   00852    0.4122   -3108.4622  0.8589 
   00853    0.4144   -3102.1175  0.8573 
   00854    0.4011   -3121.8156  0.8605 
   00855    0.4100   -3125.9021  0.8568 
   00856    0.4267   -3092.3155  0.8487 
   00857    0.4089   -3087.8877  0.8479 
   00858    0.4089   -3111.2360  0.8554 
   00859    0.4089   -3121.0854  0.8579 
   00860    0.3856   -3114.9408  0.8591 
   00861    0.4122   -3106.2009  0.8577 
   00862    0.3911   -3069.4757  0.8585 
   00863    0.4122   -3080.1504  0.8607 
   00864    0.4178   -3076.6400  0.8576 
   00865    0.4333   -3093.3891  0.8550 
   00866    0.4033   -3066.9963  0.8543 
   00867    0.4333   -3069.8381  0.8478 
   00868    0.3956   -3103.1298  0.8559 
   00869    0.3978   -3102.5374  0.8536 
   00870    0.3922   -3104.8982  0.8565 
   00871    0.4211   -3110.1007  0.8635 
   00872    0.4000   -3138.2397  0.8671 
   00873    0.3922   -3121.4255  0.8647 
   00874    0.4133   -3080.7969  0.8587 
   00875    0.3878   -3109.5920  0.8573 
   00876    0.4033   -3109.3392  0.8506 
   00877    0.4222   -3135.3690  0.8545 
   00878    0.3989   -3139.5351  0.8545 
   00879    0.4189   -3131.7816  0.8546 
   00880    0.4089   -3098.1091  0.8522 
   00881    0.4000   -3094.6719  0.8477 
   00882    0.4122   -3087.8056  0.8410 
   00883    0.4333   -3126.2745  0.8508 
   00884    0.3833   -3125.9822  0.8518 
   00885    0.4111   -3111.9941  0.8477 
   00886    0.4189   -3112.2591  0.8372 
   00887    0.4178   -3098.0081  0.8322 
   00888    0.4111   -3123.9404  0.8436 
   00889    0.4233   -3125.8583  0.8401 
   00890    0.4100   -3129.7950  0.8388 
   00891    0.4211   -3127.2076  0.8469 
   00892    0.4089   -3146.4321  0.8462 
   00893    0.3978   -3103.7737  0.8388 
   00894    0.4089   -3105.6610  0.8358 
   00895    0.3567   -3127.3530  0.8365 
   00896    0.4178   -3096.9866  0.8287 
   00897    0.3789   -3090.9197  0.8280 
   00898    0.4100   -3119.0046  0.8313 
   00899    0.3800   -3116.0001  0.8366 
   00900    0.3989   -3089.2384  0.8339 
   00901    0.4244   -3075.5173  0.8360 
   00902    0.4067   -3094.1331  0.8364 
   00903    0.3978   -3066.5343  0.8339 
   00904    0.4133   -3074.0368  0.8310 
   00905    0.3978   -3108.7308  0.8430 
   00906    0.3900   -3110.5400  0.8411 
   00907    0.4000   -3119.2203  0.8354 
   00908    0.3967   -3121.5567  0.8410 
   00909    0.4133   -3095.9410  0.8439 
   00910    0.4133   -3102.6613  0.8425 
   00911    0.4211   -3103.9953  0.8433 
   00912    0.4356   -3109.1288  0.8472 
   00913    0.4011   -3107.1832  0.8529 
   00914    0.4033   -3114.4070  0.8591 
   00915    0.4100   -3122.2653  0.8549 
   00916    0.4433   -3125.2102  0.8561 
   00917    0.3800   -3113.6014  0.8505 
   00918    0.4222   -3105.7469  0.8525 
   00919    0.3944   -3106.2292  0.8529 
   00920    0.3900   -3093.3436  0.8500 
   00921    0.4244   -3129.0070  0.8424 
   00922    0.4111   -3094.4939  0.8386 
   00923    0.4278   -3076.1953  0.8305 
   00924    0.3878   -3062.3851  0.8347 
   00925    0.4056   -3057.3864  0.8351 
   00926    0.4033   -3058.7509  0.8384 
   00927    0.4078   -3093.3869  0.8452 
   00928    0.3978   -3108.8339  0.8453 
   00929    0.4078   -3109.7937  0.8430 
   00930    0.4111   -3121.8732  0.8409 
   00931    0.4144   -3113.8437  0.8425 
   00932    0.3789   -3092.0642  0.8421 
   00933    0.4044   -3084.7481  0.8321 
   00934    0.3856   -3062.5383  0.8294 
   00935    0.4078   -3070.4803  0.8233 
   00936    0.3978   -3089.3973  0.8284 
   00937    0.4044   -3091.8939  0.8284 
   00938    0.4111   -3091.5431  0.8280 
   00939    0.4111   -3087.3509  0.8341 
   00940    0.4200   -3106.3919  0.8357 
   00941    0.4156   -3121.1145  0.8335 
   00942    0.4167   -3090.1604  0.8363 
   00943    0.3811   -3103.4569  0.8320 
   00944    0.4167   -3095.5759  0.8365 
   00945    0.3922   -3106.8519  0.8419 
   00946    0.3978   -3103.4961  0.8388 
   00947    0.4167   -3090.5820  0.8430 
   00948    0.4256   -3093.2740  0.8420 
   00949    0.3922   -3094.4625  0.8409 
   00950    0.3922   -3101.6781  0.8431 
   00951    0.3911   -3124.9706  0.8434 
   00952    0.3989   -3107.3733  0.8443 
   00953    0.4167   -3105.0714  0.8466 
   00954    0.4011   -3079.3246  0.8431 
   00955    0.3956   -3091.4607  0.8357 
   00956    0.3956   -3112.1550  0.8360 
   00957    0.4089   -3130.4074  0.8428 
   00958    0.4100   -3123.0365  0.8423 
   00959    0.3933   -3104.7038  0.8381 
   00960    0.4067   -3113.3751  0.8381 
   00961    0.4189   -3131.4165  0.8431 
   00962    0.4233   -3109.6097  0.8394 
   00963    0.4022   -3101.9852  0.8328 
   00964    0.4156   -3121.2940  0.8319 
   00965    0.4144   -3109.2770  0.8308 
   00966    0.4222   -3111.4219  0.8345 
   00967    0.4144   -3070.8885  0.8309 
   00968    0.4033   -3076.6212  0.8328 
   00969    0.3944   -3066.8192  0.8320 
   00970    0.3856   -3100.5477  0.8469 
   00971    0.4222   -3079.2930  0.8400 
   00972    0.4122   -3072.7852  0.8363 
   00973    0.4333   -3087.0162  0.8338 
   00974    0.3900   -3087.8205  0.8292 
   00975    0.4111   -3096.4977  0.8298 
   00976    0.3978   -3086.7427  0.8309 
   00977    0.4178   -3103.4145  0.8310 
   00978    0.4011   -3110.0243  0.8373 
   00979    0.4300   -3127.8473  0.8426 
   00980    0.3978   -3114.2113  0.8435 
   00981    0.4300   -3112.9558  0.8361 
   00982    0.4000   -3116.0072  0.8264 
   00983    0.3956   -3108.6095  0.8226 
   00984    0.4356   -3102.7846  0.8209 
   00985    0.3956   -3095.1122  0.8251 
   00986    0.3978   -3099.2449  0.8265 
   00987    0.4200   -3126.3766  0.8288 
   00988    0.3867   -3108.2416  0.8262 
   00989    0.4089   -3120.0145  0.8298 
   00990    0.4122   -3110.1353  0.8277 
   00991    0.4267   -3099.4164  0.8249 
   00992    0.4211   -3048.6695  0.8106 
   00993    0.4178   -3053.6437  0.8150 
   00994    0.4144   -3076.3932  0.8176 
   00995    0.4267   -3088.5460  0.8159 
   00996    0.4200   -3108.9506  0.8237 
   00997    0.4122   -3090.4923  0.8279 
   00998    0.3811   -3107.7527  0.8204 
   00999    0.3856   -3107.8258  0.8228 
   01000    0.4122   -3114.0903  0.8345 
