#=====================================================
# File created:        Wed-30-Oct-2024-at-12-39-52AM
# Size of lattice:     110x110
# Number of MC steps:  1000
# Reduced temperature: 0.500
# Run time (s):        33.694072
#=====================================================
# MC step:  Ratio:     Energy:   Order:
#=====================================================
   00000    0.5000  -11932.8890  0.2537 
   00001    0.6874  -18006.4391  0.2570 
   00002    0.6270  -21824.6047  0.2629 
   00003    0.5846  -24625.5582  0.2677 
   00004    0.5598  -26777.3684  0.2726 
   00005    0.5368  -28462.2399  0.2768 
   00006    0.5212  -29811.5279  0.2804 
   00007    0.5093  -30971.1323  0.2786 
   00008    0.4964  -31928.7433  0.2808 
   00009    0.4831  -32701.2507  0.2827 
   00010    0.4798  -33578.0089  0.2838 
   00011    0.4714  -34053.8465  0.2828 
   00012    0.4682  -34478.4025  0.2816 
   00013    0.4698  -34854.4862  0.2850 
   00014    0.4692  -35331.7835  0.2833 
   00015    0.4569  -35643.9653  0.2806 
   00016    0.4564  -35969.6584  0.2846 
   00017    0.4555  -36206.7248  0.2835 
   00018    0.4481  -36404.4410  0.2850 
   00019    0.4445  -36660.7053  0.2849 
   00020    0.4440  -36874.1247  0.2875 
   00021    0.4448  -37060.7583  0.2909 
   00022    0.4350  -37217.1301  0.2957 
   00023    0.4389  -37366.3262  0.2981 
   00024    0.4444  -37549.2122  0.2981 
   00025    0.4409  -37685.3754  0.2996 
   00026    0.4393  -37705.4353  0.2997 
   00027    0.4470  -37747.0175  0.2991 
   00028    0.4348  -37933.2902  0.2993 
   00029    0.4272  -38108.8019  0.3031 
   00030    0.4407  -38231.3036  0.3043 
   00031    0.4354  -38349.3897  0.3054 
   00032    0.4386  -38376.0107  0.3031 
   00033    0.4360  -38470.9300  0.3040 
   00034    0.4337  -38577.3419  0.3055 
   00035    0.4234  -38644.7503  0.3058 
   00036    0.4300  -38631.2157  0.3076 
   00037    0.4299  -38705.3120  0.3095 
   00038    0.4269  -38688.6342  0.3095 
   00039    0.4289  -38789.2713  0.3105 
   00040    0.4344  -38871.6609  0.3111 
   00041    0.4345  -38981.5807  0.3109 
   00042    0.4289  -38971.2313  0.3112 
   00043    0.4333  -38977.9200  0.3147 
   00044    0.4270  -39005.6144  0.3137 
   00045    0.4183  -39031.2841  0.3170 
   00046    0.4338  -39024.1637  0.3148 
   00047    0.4260  -39086.3812  0.3113 
   00048    0.4299  -39122.2954  0.3124 
   00049    0.4237  -39187.5564  0.3123 
   00050    0.4316  -39288.1200  0.3125 
   00051    0.4315  -39426.1600  0.3157 
   00052    0.4337  -39449.6819  0.3196 
   00053    0.4229  -39564.2806  0.3214 
   00054    0.4227  -39560.6905  0.3231 
   00055    0.4210  -39644.0682  0.3258 
   00056    0.4170  -39615.1801  0.3244 
   00057    0.4244  -39669.6574  0.3235 
   00058    0.4233  -39586.8579  0.3244 
   00059    0.4217  -39560.6778  0.3237 
   00060    0.4279  -39639.1315  0.3237 
   00061    0.4321  -39630.6501  0.3248 
   00062    0.4335  -39501.6797  0.3269 
   00063    0.4213  -39558.8086  0.3240 
   00064    0.4167  -39483.7176  0.3253 
   00065    0.4248  -39496.1326  0.3243 
   00066    0.4252  -39561.5257  0.3284 
   00067    0.4236  -39545.2953  0.3303 
   00068    0.4207  -39630.1389  0.3299 
   00069    0.4216  -39805.9181  0.3326 
   00070    0.4122  -39928.3233  0.3350 
   00071    0.4334  -39868.1397  0.3356 
   00072    0.4107  -39807.4372  0.3378 
   00073    0.4214  -39913.9829  0.3382 
   00074    0.4192  -39914.5374  0.3385 
   00075    0.4198  -39893.1027  0.3386 
   00076    0.4188  -39987.5927  0.3344 
   00077    0.4196  -39964.5533  0.3343 
   00078    0.4175  -39974.5059  0.3340 
   00079    0.4231  -39998.0186  0.3352 
   00080    0.4257  -39970.0782  0.3323 
   00081    0.4188  -39973.6098  0.3337 
   00082    0.4203  -40067.3463  0.3351 
   00083    0.4168  -40010.3889  0.3350 
   00084    0.4188  -40023.1939  0.3357 
   00085    0.4171  -39945.4435  0.3322 
   00086    0.4245  -39846.0322  0.3294 
   00087    0.4270  -39860.4072  0.3289 
   00088    0.4264  -39827.7784  0.3280 
   00089    0.4183  -39832.4658  0.3298 
   00090    0.4227  -39935.3824  0.3347 
   00091    0.4242  -39907.3821  0.3334 
   00092    0.4162  -39919.8476  0.3342 
   00093    0.4252  -39926.0775  0.3348 
   00094    0.4255  -39859.4297  0.3328 
   00095    0.4288  -39892.7923  0.3323 
   00096    0.4173  -39942.4495  0.3344 
   00097    0.4221  -40008.7540  0.3335 
   00098    0.4231  -39973.8791  0.3326 
   00099    0.4251  -40051.9150  0.3321 
   00100    0.4182  -40038.4324  0.3337 
   00101    0.4183  -40003.2537  0.3382 
   00102    0.4161  -40019.5606  0.3390 
   00103    0.4185  -40035.0627  0.3388 
   00104    0.4212  -40005.2914  0.3365 
   00105    0.4274  -39974.9000  0.3361 
   00106    0.4279  -39983.2523  0.3384 
   00107    0.4177  -40038.4358  0.3381 
   00108    0.4225  -40064.7928  0.3408 
   00109    0.4138  -40070.8244  0.3423 
   00110    0.4164  -40004.2812  0.3438 
   00111    0.4215  -40113.0236  0.3422 
   00112    0.4169  -40147.3851  0.3445 
   00113    0.4183  -40149.4065  0.3475 
   00114    0.4162  -40203.0730  0.3489 
   00115    0.4135  -40169.6041  0.3498 
   00116    0.4133  -40238.4445  0.3507 
   00117    0.4206  -40221.3682  0.3502 
   00118    0.4206  -40250.4748  0.3504 
   00119    0.4180  -40194.1350  0.3470 
   00120    0.4126  -40249.9853  0.3497 
   00121    0.4191  -40259.1117  0.3497 
   00122    0.4158  -40260.4348  0.3486 
   00123    0.4280  -40227.3719  0.3470 
   00124    0.4089  -40235.6965  0.3487 
   00125    0.4116  -40294.0709  0.3502 
   00126    0.4189  -40321.6729  0.3486 
   00127    0.4135  -40326.6074  0.3490 
   00128    0.4085  -40355.2870  0.3484 
   00129    0.4103  -40306.7107  0.3478 
   00130    0.4174  -40301.1907  0.3480 
   00131    0.4248  -40338.0291  0.3488 
   00132    0.4179  -40353.6743  0.3481 
   00133    0.4146  -40367.1837  0.3491 
   00134    0.4170  -40283.0528  0.3477 
   00135    0.4221  -40220.5256  0.3461 
   00136    0.4071  -40233.0822  0.3447 
   00137    0.4092  -40271.1947  0.3463 
   00138    0.4201  -40202.7701  0.3477 
   00139    0.4320  -40256.2941  0.3487 
   00140    0.4231  -40241.7571  0.3447 
   00141    0.4118  -40273.2369  0.3456 
   00142    0.4162  -40386.6586  0.3466 
   00143    0.4052  -40445.1874  0.3477 
   00144    0.4225  -40453.7426  0.3466 
   00145    0.4223  -40445.3136  0.3436 
   00146    0.4208  -40496.3661  0.3412 
   00147    0.4133  -40510.4102  0.3421 
   00148    0.4189  -40466.9079  0.3464 
   00149    0.4142  -40387.7111  0.3443 
   00150    0.4192  -40314.3080  0.3437 
   00151    0.4230  -40261.2418  0.3448 
   00152    0.4238  -40368.0489  0.3447 
   00153    0.4119  -40514.9159  0.3485 
   00154    0.4098  -40513.9862  0.3510 
   00155    0.4276  -40519.6902  0.3507 
   00156    0.4153  -40567.2283  0.3505 
   00157    0.4143  -40538.6354  0.3506 
   00158    0.4225  -40477.1341  0.3509 
   00159    0.4175  -40505.1095  0.3492 
   00160    0.4206  -40408.7425  0.3496 
   00161    0.4221  -40385.3885  0.3508 
   00162    0.4205  -40434.8996  0.3494 
   00163    0.4232  -40526.8182  0.3493 
   00164    0.4083  -40567.8398  0.3485 
   00165    0.4124  -40512.9108  0.3469 
   00166    0.4193  -40483.9758  0.3465 
   00167    0.4183  -40503.1783  0.3465 
   00168    0.4081  -40559.7219  0.3440 
   00169    0.4114  -40621.5205  0.3468 
   00170    0.4254  -40661.0401  0.3480 
   00171    0.4155  -40738.2817  0.3484 
   00172    0.4121  -40742.1429  0.3485 
   00173    0.4143  -40680.9694  0.3464 
   00174    0.4163  -40711.0652  0.3495 
   00175    0.4119  -40795.4413  0.3511 
   00176    0.4194  -40826.1422  0.3535 
   00177    0.4108  -40825.5763  0.3555 
   00178    0.4088  -40848.0939  0.3542 
   00179    0.4161  -40966.8480  0.3523 
   00180    0.4182  -40859.5881  0.3541 
   00181    0.4112  -40773.5346  0.3539 
   00182    0.4219  -40738.9744  0.3542 
   00183    0.4209  -40709.6085  0.3515 
   00184    0.4196  -40683.8921  0.3493 
   00185    0.4102  -40708.0359  0.3492 
   00186    0.4230  -40740.0799  0.3496 
   00187    0.4193  -40680.1284  0.3519 
   00188    0.4256  -40753.0565  0.3558 
   00189    0.4164  -40730.7403  0.3540 
   00190    0.4181  -40764.3691  0.3531 
   00191    0.4171  -40641.2941  0.3532 
   00192    0.4099  -40582.9214  0.3522 
   00193    0.4174  -40606.5306  0.3532 
   00194    0.4198  -40696.1111  0.3562 
   00195    0.4174  -40673.0544  0.3562 
   00196    0.4083  -40698.5206  0.3547 
   00197    0.4166  -40740.5183  0.3564 
   00198    0.4167  -40650.7612  0.3560 
   00199    0.4155  -40723.7196  0.3564 
   00200    0.4145  -40719.9534  0.3538 
   00201    0.4205  -40746.3929  0.3532 
   00202    0.4146  -40697.5206  0.3532 
   00203    0.4207  -40774.3638  0.3552 
   00204    0.4197  -40808.9999  0.3551 
   00205    0.4165  -40805.8996  0.3560 
   00206    0.4106  -40731.8250  0.3565 
   00207    0.4077  -40652.1890  0.3573 
   00208    0.4228  -40594.4814  0.3581 
   00209    0.4197  -40600.6337  0.3603 
   00210    0.4135  -40665.6292  0.3623 
   00211    0.4207  -40709.0852  0.3608 
   00212    0.4152  -40751.6669  0.3600 
   00213    0.4158  -40734.4208  0.3627 
   00214    0.4193  -40745.7137  0.3606 
   00215    0.4207  -40855.9588  0.3629 
   00216    0.4057  -40912.0229  0.3613 
   00217    0.4117  -40995.4978  0.3609 
   00218    0.4221  -41010.4245  0.3595 
   00219    0.4116  -41010.6253  0.3579 
   00220    0.4224  -40899.5438  0.3572 
   00221    0.4126  -40916.5913  0.3604 
   00222    0.4053  -40911.8408  0.3600 
   00223    0.4138  -40877.1994  0.3581 
   00224    0.4190  -40904.3281  0.3588 
   00225    0.4127  -40913.3054  0.3569 
   00226    0.4064  -40916.3948  0.3595 
   00227    0.4119  -41034.9236  0.3603 
   00228    0.4160  -40968.8900  0.3563 
   00229    0.4225  -40862.3038  0.3555 
   00230    0.4149  -40891.6928  0.3567 
   00231    0.4206  -40882.1428  0.3554 
   00232    0.4176  -40770.3331  0.3538 
   00233    0.4232  -40671.1748  0.3534 
   00234    0.4148  -40695.4507  0.3556 
   00235    0.4169  -40713.8123  0.3544 
   00236    0.4040  -40714.4924  0.3582 
   00237    0.4164  -40638.8800  0.3604 
   00238    0.4250  -40731.1558  0.3644 
   00239    0.4164  -40827.5725  0.3647 
   00240    0.4127  -40827.5310  0.3650 
   00241    0.4196  -40840.9512  0.3636 
   00242    0.4134  -40832.0223  0.3604 
   00243    0.4161  -40742.3553  0.3612 
   00244    0.4116  -40834.6840  0.3654 
   00245    0.4117  -40718.1031  0.3614 
   00246    0.4151  -40716.0731  0.3639 
   00247    0.4134  -40794.1108  0.3608 
   00248    0.4112  -40824.1904  0.3614 
   00249    0.4214  -40767.7508  0.3582 
   00250    0.4173  -40790.6687  0.3584 
   00251    0.4106  -40840.4329  0.3607 
   00252    0.4097  -40945.7330  0.3593 
   00253    0.4078  -40896.6402  0.3585 
   00254    0.4164  -41019.9438  0.3590 
   00255    0.4129  -41001.9033  0.3580 
   00256    0.4129  -40983.6119  0.3592 
   00257    0.4159  -40918.5020  0.3602 
   00258    0.4125  -40939.7286  0.3573 
   00259    0.4115  -40844.2284  0.3521 
   00260    0.4100  -40896.0193  0.3488 
   00261    0.4217  -40963.0927  0.3495 
   00262    0.4132  -40960.9688  0.3496 
   00263    0.4123  -40966.1576  0.3488 
   00264    0.4145  -40904.2919  0.3509 
   00265    0.4117  -40885.6591  0.3514 
   00266    0.4112  -40820.6705  0.3513 
   00267    0.4208  -40824.0378  0.3490 
   00268    0.4099  -40791.2985  0.3486 
   00269    0.4202  -40851.1958  0.3483 
   00270    0.4150  -40847.4047  0.3528 
   00271    0.4168  -40876.5934  0.3520 
   00272    0.4141  -40930.7564  0.3515 
   00273    0.4174  -40948.5068  0.3490 
   00274    0.4097  -40928.4613  0.3519 
   00275    0.4168  -40910.5007  0.3510 
   00276    0.4110  -40922.6105  0.3514 
   00277    0.4121  -40948.9879  0.3503 
   00278    0.4105  -40937.1191  0.3483 
   00279    0.4144  -40986.6307  0.3473 
   00280    0.4088  -40933.3225  0.3507 
   00281    0.4121  -40830.1927  0.3489 
   00282    0.4176  -40871.9066  0.3472 
   00283    0.4179  -40780.4711  0.3500 
   00284    0.4195  -40799.3183  0.3480 
   00285    0.4133  -40808.6328  0.3461 
   00286    0.4156  -40908.1483  0.3447 
   00287    0.4128  -40877.7250  0.3463 
   00288    0.4183  -40936.6117  0.3453 
   00289    0.4106  -40932.2159  0.3471 
   00290    0.4219  -40929.7297  0.3457 
   00291    0.4174  -41003.2361  0.3476 
   00292    0.4070  -40970.4745  0.3465 
   00293    0.4141  -40939.2852  0.3490 
   00294    0.4148  -40874.5481  0.3493 
   00295    0.4136  -40904.9718  0.3501 
   00296    0.4197  -40838.9130  0.3506 
   00297    0.4045  -40911.6142  0.3533 
   00298    0.4131  -40884.9143  0.3526 
   00299    0.4082  -40818.1658  0.3507 
   00300    0.4145  -40917.2151  0.3527 
   00301    0.4160  -40931.0845  0.3541 
   00302    0.4146  -40978.8093  0.3520 
   00303    0.4094  -40918.2315  0.3525 
   00304    0.4118  -40913.2309  0.3556 
   00305    0.4208  -40903.7801  0.3565 
   00306    0.4139  -40897.7698  0.3556 
   00307    0.4098  -40776.9154  0.3552 
   00308    0.4196  -40679.2592  0.3558 
   00309    0.4206  -40699.8157  0.3549 
   00310    0.4149  -40702.5634  0.3541 
   00311    0.4177  -40698.9446  0.3513 
   00312    0.4199  -40732.0243  0.3512 
   00313    0.4141  -40675.6152  0.3528 
   00314    0.4224  -40750.6485  0.3529 
   00315    0.4173  -40801.1693  0.3537 
   00316    0.4126  -40806.0520  0.3507 
   00317    0.4178  -40728.7068  0.3507 
   00318    0.4133  -40597.0774  0.3523 
   00319    0.4149  -40695.5467  0.3508 
   00320    0.4217  -40760.2390  0.3524 
   00321    0.4210  -40783.4133  0.3516 
   00322    0.4172  -40803.2539  0.3504 
   00323    0.4144  -40724.3663  0.3499 
   00324    0.4092  -40649.0933  0.3466 
   00325    0.4131  -40845.4459  0.3485 
   00326    0.4174  -40939.8675  0.3487 
   00327    0.4065  -40877.8326  0.3469 
   00328    0.4063  -40840.5006  0.3452 
   00329    0.4080  -40903.6767  0.3471 
   00330    0.4187  -40943.3166  0.3466 
   00331    0.4126  -40947.7623  0.3461 
   00332    0.4149  -40905.0501  0.3490 
   00333    0.4139  -40950.2532  0.3499 
   00334    0.4159  -40889.8979  0.3509 
   00335    0.4125  -40776.7526  0.3541 
   00336    0.4101  -40803.2271  0.3548 
   00337    0.4150  -40835.4142  0.3562 
   00338    0.4152  -40924.1888  0.3574 
   00339    0.4215  -40942.3858  0.3558 
   00340    0.4110  -41027.8658  0.3605 
   00341    0.4092  -40917.3835  0.3588 
   00342    0.4137  -40989.6337  0.3579 
   00343    0.4014  -40901.7388  0.3597 
   00344    0.4152  -40915.4630  0.3575 
   00345    0.4117  -40898.3803  0.3558 
   00346    0.4128  -40961.3804  0.3576 
   00347    0.4149  -40904.0862  0.3579 
   00348    0.4159  -40982.3375  0.3572 
   00349    0.4121  -40916.3902  0.3541 
   00350    0.4069  -40932.9422  0.3562 
   00351    0.4116  -40901.2034  0.3559 
   00352    0.4159  -40890.7395  0.3522 
   00353    0.4194  -40840.3496  0.3515 
   00354    0.4088  -40843.5683  0.3519 
   00355    0.4085  -40842.1356  0.3541 
   00356    0.4138  -40843.8091  0.3573 
   00357    0.4138  -40872.1512  0.3585 
   00358    0.4169  -40861.5147  0.3626 
   00359    0.4112  -40954.4508  0.3618 
   00360    0.4134  -40872.3338  0.3616 
   00361    0.4114  -40983.9730  0.3632 
   00362    0.4076  -40950.4886  0.3660 
   00363    0.4117  -40914.3065  0.3622 
   00364    0.4161  -40874.7567  0.3631 
   00365    0.4136  -40867.0003  0.3642 
   00366    0.4140  -40867.5093  0.3633 
   00367    0.4145  -40901.0580  0.3628 
   00368    0.4097  -40920.8686  0.3628 
   00369    0.4132  -40895.9178  0.3646 
   00370    0.4171  -40886.2463  0.3650 
   00371    0.4108  -40876.0572  0.3643 
   00372    0.4052  -40898.4105  0.3653 
   00373    0.4161  -40862.3629  0.3651 
   00374    0.4184  -40821.6417  0.3629 
   00375    0.4143  -40968.3671  0.3603 
   00376    0.4132  -40912.2112  0.3587 
   00377    0.4172  -40903.6122  0.3611 
   00378    0.4138  -40903.0897  0.3642 
   00379    0.4155  -40816.4438  0.3648 
   00380    0.4102  -40845.8662  0.3641 
   00381    0.4155  -40793.9158  0.3637 
   00382    0.4175  -40819.0415  0.3625 
   00383    0.4260  -40886.6038  0.3599 
   00384    0.4109  -40796.3510  0.3621 
   00385    0.4080  -40838.2665  0.3602 
   00386    0.4135  -40917.1594  0.3593 
   00387    0.4229  -40767.3778  0.3582 
   00388    0.4101  -40901.2572  0.3579 
   00389    0.4056  -40925.3645  0.3594 
   00390    0.4064  -40815.5373  0.3588 
   00391    0.4098  -40823.6248  0.3602 
   00392    0.4132  -40773.2971  0.3584 
   00393    0.4184  -40688.2633  0.3611 
   00394    0.4209  -40911.0031  0.3656 
   00395    0.4185  -40881.3339  0.3649 
   00396    0.4115  -40871.0455  0.3635 
   00397    0.4134  -40815.8457  0.3630 
   00398    0.4124  -40802.2525  0.3630 
   00399    0.4175  -40737.0863  0.3600 
   00400    0.4132  -40819.3776  0.3590 
   00401    0.4121  -40775.5389  0.3574 
   00402    0.4178  -40798.2863  0.3595 
   00403    0.4214  -40779.8137  0.3614 
   00404    0.4067  -40811.5041  0.3586 
   00405    0.4176  -40762.7506  0.3578 
   00406    0.4172  -40833.7363  0.3563 
   00407    0.4076  -40864.7256  0.3552 
   00408    0.4106  -40931.9831  0.3582 
   00409    0.4142  -40900.3651  0.3562 
   00410    0.4190  -40990.4985  0.3578 
   00411    0.4140  -41030.6062  0.3568 
   00412    0.4098  -41120.1493  0.3587 
   00413    0.4099  -41172.4163  0.3571 
   00414    0.4107  -41239.5984  0.3571 
   00415    0.4152  -41190.2300  0.3569 
   00416    0.4075  -41173.1753  0.3559 
   00417    0.4133  -41238.2044  0.3571 
   00418    0.4098  -41189.7485  0.3568 
   00419    0.4087  -41190.0736  0.3566 
   00420    0.4037  -41179.3424  0.3552 
   00421    0.4094  -41068.8954  0.3544 
   00422    0.4175  -41100.8221  0.3528 
   00423    0.4104  -41036.1234  0.3524 
   00424    0.4114  -41058.5574  0.3520 
   00425    0.4126  -41052.2297  0.3525 
   00426    0.4168  -41057.6164  0.3515 
   00427    0.4102  -41046.5047  0.3539 
   00428    0.4138  -41013.6981  0.3543 
   00429    0.4199  -41208.4829  0.3553 
   00430    0.4116  -41154.3364  0.3539 
   00431    0.4053  -41201.8098  0.3547 
   00432    0.4070  -41103.8435  0.3570 
   00433    0.4159  -41144.5639  0.3545 
   00434    0.4083  -41159.4375  0.3568 
   00435    0.4156  -41167.8816  0.3600 
   00436    0.4054  -41206.5683  0.3622 
   00437    0.4032  -41201.8986  0.3614 
   00438    0.4155  -41045.0769  0.3596 
   00439    0.4155  -41098.7643  0.3581 
   00440    0.4105  -41254.2440  0.3591 
   00441    0.4098  -41141.1176  0.3615 
   00442    0.4088  -41061.2941  0.3589 
   00443    0.4098  -41095.9896  0.3592 
   00444    0.4125  -41155.4970  0.3593 
   00445    0.4128  -41115.4259  0.3587 
   00446    0.4174  -41188.0359  0.3612 
   00447    0.4148  -41142.5351  0.3613 
   00448    0.4079  -41076.5328  0.3638 
   00449    0.4165  -41094.6851  0.3658 
   00450    0.4200  -41048.6932  0.3681 
   00451    0.4158  -41044.6105  0.3689 
   00452    0.4102  -41033.4890  0.3674 
   00453    0.4069  -41026.6461  0.3696 
   00454    0.4126  -41068.5198  0.3705 
   00455    0.4118  -41126.0891  0.3678 
   00456    0.4108  -41043.7636  0.3707 
   00457    0.4166  -40991.8352  0.3691 
   00458    0.4021  -40974.9992  0.3688 
   00459    0.4119  -41027.5023  0.3693 
   00460    0.4121  -40950.0659  0.3694 
   00461    0.4165  -41007.4897  0.3678 
   00462    0.4050  -40962.6333  0.3681 
   00463    0.4169  -40986.6838  0.3676 
   00464    0.4136  -40974.5785  0.3697 
   00465    0.4073  -40968.3221  0.3695 
   00466    0.4193  -40806.0806  0.3674 
   00467    0.4172  -40816.2750  0.3678 
   00468    0.4094  -41035.6295  0.3691 
   00469    0.4068  -41094.0719  0.3718 
   00470    0.4134  -41100.9193  0.3729 
   00471    0.4155  -41209.7163  0.3728 
   00472    0.4088  -41073.7197  0.3716 
   00473    0.4050  -40966.5540  0.3723 
   00474    0.4145  -40946.2409  0.3721 
   00475    0.4132  -41021.7656  0.3733 
   00476    0.4065  -41003.1319  0.3767 
   00477    0.4072  -41007.4973  0.3756 
   00478    0.4088  -41015.9474  0.3746 
   00479    0.4074  -41004.4269  0.3760 
   00480    0.4103  -41027.4421  0.3716 
   00481    0.4084  -41081.4523  0.3722 
   00482    0.4098  -41139.6352  0.3730 
   00483    0.4080  -41080.9491  0.3710 
   00484    0.4227  -41084.3249  0.3754 
   00485    0.4088  -40992.8303  0.3740 
   00486    0.4120  -40918.4082  0.3721 
   00487    0.4071  -41037.2339  0.3723 
   00488    0.4140  -40960.8858  0.3704 
   00489    0.4076  -40953.8592  0.3731 
   00490    0.4171  -41032.7716  0.3718 
   00491    0.4079  -41088.0945  0.3741 
   00492    0.4101  -40978.0203  0.3733 
   00493    0.4124  -40919.0589  0.3710 
   00494    0.4205  -40989.6428  0.3724 
   00495    0.4093  -41063.8858  0.3747 
   00496    0.4083  -41054.0538  0.3755 
   00497    0.4166  -40978.5524  0.3756 
   00498    0.4116  -40986.5640  0.3780 
   00499    0.4127  -40953.8686  0.3814 
   00500    0.4177  -40932.0680  0.3821 
   00501    0.4106  -40944.4908  0.3841 
   00502    0.4070  -40930.7044  0.3856 
   00503    0.4139  -40916.6915  0.3869 
   00504    0.4069  -40956.7197  0.3830 
   00505    0.4207  -40973.8301  0.3838 
   00506    0.4092  -41017.0009  0.3834 
   00507    0.4133  -40981.1061  0.3845 
   00508    0.4252  -40894.9936  0.3866 
   00509    0.4264  -40910.8229  0.3861 
   00510    0.4111  -40978.2469  0.3870 
   00511    0.4130  -40959.1604  0.3853 
   00512    0.4183  -41029.4220  0.3840 
   00513    0.4124  -40946.4903  0.3878 
   00514    0.4117  -40994.4921  0.3892 
   00515    0.4048  -40971.6989  0.3861 
   00516    0.4236  -40907.5866  0.3857 
   00517    0.4203  -40770.9950  0.3864 
   00518    0.4101  -40811.4109  0.3866 
   00519    0.4179  -40970.4343  0.3882 
   00520    0.4020  -41028.1793  0.3873 
   00521    0.4120  -40966.9864  0.3880 
   00522    0.4108  -41069.7700  0.3916 
   00523    0.4167  -41181.6900  0.3919 
   00524    0.4094  -41228.9139  0.3917 
   00525    0.4150  -41225.1136  0.3912 
   00526    0.4110  -41167.3651  0.3916 
   00527    0.4167  -41046.4270  0.3890 
   00528    0.4127  -41094.4470  0.3916 
   00529    0.4098  -41137.1047  0.3889 
   00530    0.4120  -41035.3995  0.3885 
   00531    0.4206  -41097.1702  0.3859 
   00532    0.4052  -41096.0349  0.3853 
   00533    0.4111  -41052.8496  0.3859 
   00534    0.4085  -41070.7914  0.3842 
   00535    0.4154  -41114.0012  0.3859 
   00536    0.4131  -41138.9344  0.3836 
   00537    0.4092  -41148.2319  0.3868 
   00538    0.4280  -41103.6791  0.3823 
   00539    0.4121  -41130.8991  0.3854 
   00540    0.4098  -41182.6492  0.3865 
   00541    0.4170  -41154.4085  0.3891 
   00542    0.4172  -41188.5283  0.3896 
   00543    0.4160  -41046.8698  0.3884 
   00544    0.4112  -41019.5492  0.3891 
   00545    0.4154  -41048.7623  0.3901 
   00546    0.4108  -41007.6103  0.3916 
   00547    0.4181  -41045.6314  0.3923 
   00548    0.4206  -40946.9490  0.3901 
   00549    0.4193  -40964.1336  0.3953 
   00550    0.4161  -40920.8044  0.3959 
   00551    0.4140  -40898.1327  0.3935 
   00552    0.4133  -40997.9775  0.3954 
   00553    0.4136  -41120.1546  0.3940 
   00554    0.4107  -41188.1307  0.3972 
   00555    0.4140  -41036.9345  0.4000 
   00556    0.4093  -41172.1269  0.4003 
   00557    0.4090  -41116.7908  0.4005 
   00558    0.4052  -41043.3349  0.4001 
   00559    0.4161  -41041.9732  0.4014 
   00560    0.4013  -41061.8965  0.4013 
   00561    0.4035  -40940.0094  0.4019 
   00562    0.4149  -40933.5720  0.4057 
   00563    0.4107  -41031.2814  0.4077 
   00564    0.4135  -40979.0347  0.4115 
   00565    0.4153  -40884.5163  0.4121 
   00566    0.4136  -40918.7983  0.4111 
   00567    0.4083  -41012.4084  0.4117 
   00568    0.4112  -41054.2313  0.4105 
   00569    0.4119  -40942.4872  0.4076 
   00570    0.4152  -41035.4538  0.4081 
   00571    0.4091  -41076.5527  0.4089 
   00572    0.4193  -41038.5193  0.4081 
   00573    0.4122  -41010.8531  0.4088 
   00574    0.4146  -40996.4257  0.4086 
   00575    0.4131  -41052.0099  0.4077 
   00576    0.4115  -41038.5622  0.4055 
   00577    0.4155  -41024.9852  0.4085 
   00578    0.4090  -41035.8252  0.4069 
   00579    0.4085  -41102.2029  0.4071 
   00580    0.4168  -41134.7778  0.4063 
   00581    0.4145  -41158.3667  0.4071 
   00582    0.4077  -41094.7640  0.4063 
   00583    0.4160  -41038.6706  0.4074 
   00584    0.4168  -41093.7896  0.4084 
   00585    0.4160  -41019.9926  0.4120 
   00586    0.4195  -40989.6774  0.4122 
   00587    0.4107  -41099.2794  0.4133 
   00588    0.4134  -41144.0185  0.4152 
   00589    0.4090  -41066.0686  0.4159 
   00590    0.4142  -41154.8004  0.4162 
   00591    0.4169  -41044.5948  0.4136 
   00592    0.4272  -41135.2121  0.4150 
   00593    0.4117  -40972.6229  0.4165 
   00594    0.4077  -41007.7731  0.4175 
   00595    0.4060  -41010.8775  0.4169 
   00596    0.4085  -40967.8103  0.4177 
   00597    0.4126  -40959.7038  0.4181 
   00598    0.4117  -41012.6266  0.4202 
   00599    0.4159  -41011.1447  0.4203 
   00600    0.4078  -40997.8229  0.4191 
   00601    0.4197  -41025.7158  0.4212 
   00602    0.4121  -41103.1830  0.4218 
   00603    0.4127  -41054.3500  0.4220 
   00604    0.4173  -40965.5247  0.4241 
   00605    0.4115  -41081.9268  0.4227 
   00606    0.4143  -41109.6399  0.4245 
   00607    0.4174  -41096.9668  0.4246 
   00608    0.4150  -41076.6273  0.4255 
   00609    0.4043  -41128.2388  0.4218 
   00610    0.4114  -41093.5337  0.4217 
   00611    0.4131  -41159.5136  0.4225 
   00612    0.4134  -41171.3505  0.4212 
   00613    0.4137  -41151.1984  0.4236 
   00614    0.4175  -41008.4275  0.4246 
   00615    0.4142  -41109.6287  0.4245 
   00616    0.4051  -41101.1740  0.4246 
   00617    0.4098  -41203.1341  0.4252 
   00618    0.4107  -41098.6448  0.4253 
   00619    0.4056  -41046.1982  0.4239 
   00620    0.4122  -41026.6513  0.4247 
   00621    0.4150  -40961.4036  0.4254 
   00622    0.4115  -41061.7973  0.4259 
   00623    0.4117  -41111.2076  0.4249 
   00624    0.4147  -41141.3476  0.4254 
   00625    0.4135  -41122.0081  0.4286 
   00626    0.4140  -41184.5220  0.4302 
   00627    0.4139  -41186.7523  0.4301 
   00628    0.4077  -41151.2919  0.4296 
   00629    0.4129  -41104.7211  0.4274 
   00630    0.4141  -41234.5697  0.4288 
   00631    0.4107  -41273.6939  0.4287 
   00632    0.4058  -41269.5874  0.4286 
   00633    0.4045  -41250.9798  0.4288 
   00634    0.4026  -41195.7481  0.4282 
   00635    0.4126  -41073.0392  0.4276 
   00636    0.4158  -41081.9078  0.4257 
   00637    0.4205  -40972.1383  0.4256 
   00638    0.4160  -41025.8605  0.4272 
   00639    0.4111  -41089.7029  0.4255 
   00640    0.4160  -41170.1465  0.4246 
   00641    0.4079  -41099.5249  0.4252 
   00642    0.4180  -41148.4489  0.4247 
   00643    0.4230  -41057.9884  0.4219 
   00644    0.4135  -40984.3359  0.4235 
   00645    0.4167  -41047.4878  0.4221 
   00646    0.4104  -41174.6988  0.4225 
   00647    0.3991  -40959.8469  0.4210 
   00648    0.4040  -41058.0027  0.4205 
   00649    0.4035  -41131.4605  0.4205 
   00650    0.4137  -41176.4486  0.4230 
   00651    0.4036  -41228.0303  0.4259 
   00652    0.4081  -41175.9985  0.4262 
   00653    0.4134  -41146.6427  0.4244 
   00654    0.4056  -41098.5692  0.4256 
   00655    0.4202  -41115.8608  0.4252 
   00656    0.4029  -41092.4355  0.4256 
   00657    0.4096  -41221.6762  0.4308 
   00658    0.4034  -41133.6808  0.4303 
   00659    0.4088  -41118.0054  0.4305 
   00660    0.4106  -41167.9372  0.4312 
   00661    0.4176  -41282.7631  0.4324 
   00662    0.4073  -41218.8454  0.4327 
   00663    0.4145  -41173.7843  0.4332 
   00664    0.4130  -41171.3674  0.4303 
   00665    0.4042  -41159.0024  0.4271 
   00666    0.4192  -41179.9439  0.4272 
   00667    0.4125  -41276.9870  0.4289 
   00668    0.4078  -41201.3148  0.4272 
   00669    0.4090  -41109.3727  0.4278 
   00670    0.4118  -41088.4842  0.4283 
   00671    0.4049  -41153.5335  0.4306 
   00672    0.4044  -41204.3937  0.4287 
   00673    0.4090  -41265.9328  0.4280 
   00674    0.4111  -41283.4038  0.4305 
   00675    0.4160  -41271.7583  0.4296 
   00676    0.4102  -41274.8631  0.4271 
   00677    0.4060  -41224.2062  0.4253 
   00678    0.4123  -41199.5275  0.4249 
   00679    0.4110  -41048.2264  0.4254 
   00680    0.4098  -40960.9244  0.4255 
   00681    0.4123  -41050.3208  0.4264 
   00682    0.4106  -41010.7036  0.4292 
   00683    0.4040  -41039.7863  0.4301 
   00684    0.4122  -41021.8438  0.4303 
   00685    0.4155  -41077.6429  0.4315 
   00686    0.4169  -40987.4859  0.4328 
   00687    0.4221  -40989.2332  0.4317 
   00688    0.4122  -41034.4112  0.4299 
   00689    0.4079  -41044.0597  0.4330 
   00690    0.4147  -41036.7079  0.4324 
   00691    0.4124  -41240.5460  0.4327 
   00692    0.4042  -41203.1800  0.4334 
   00693    0.4053  -41123.3526  0.4348 
   00694    0.4096  -41202.6275  0.4335 
   00695    0.4196  -41215.5013  0.4323 
   00696    0.4142  -41229.8460  0.4371 
   00697    0.4139  -41138.8539  0.4362 
   00698    0.4113  -41167.4524  0.4396 
   00699    0.4136  -41158.8579  0.4385 
   00700    0.4055  -41255.2452  0.4396 
   00701    0.4083  -41213.4113  0.4421 
   00702    0.4126  -41105.0002  0.4415 
   00703    0.4110  -41104.0008  0.4428 
   00704    0.4150  -41272.9411  0.4456 
   00705    0.4179  -41149.1112  0.4452 
   00706    0.4062  -41176.9326  0.4449 
   00707    0.4106  -41145.3711  0.4453 
   00708    0.4089  -41251.9299  0.4456 
   00709    0.4074  -41207.2015  0.4465 
   00710    0.4164  -41140.0489  0.4470 
   00711    0.4152  -41147.4001  0.4430 
   00712    0.4130  -41080.1363  0.4425 
   00713    0.4128  -41135.8187  0.4418 
   00714    0.4145  -41133.6112  0.4421 
   00715    0.4093  -41102.1337  0.4415 
   00716    0.4037  -41041.9693  0.4419 
   00717    0.4091  -40989.3132  0.4465 
   00718    0.4098  -41035.5211  0.4444 
   00719    0.4069  -40967.3228  0.4456 
   00720    0.4095  -41090.1612  0.4417 
   00721    0.4136  -41068.6917  0.4417 
   00722    0.4093  -41075.6573  0.4380 
   00723    0.4163  -41118.4216  0.4391 
   00724    0.4117  -41161.2522  0.4397 
   00725    0.4066  -41160.9565  0.4401 
   00726    0.4174  -41181.6149  0.4417 
   00727    0.4095  -41217.6400  0.4415 
   00728    0.4078  -41179.2656  0.4415 
   00729    0.4116  -41166.5298  0.4432 
   00730    0.4117  -41086.2523  0.4416 
   00731    0.4092  -41142.6240  0.4428 
   00732    0.4086  -41105.4268  0.4429 
   00733    0.4123  -41005.3699  0.4385 
   00734    0.4079  -41007.1384  0.4370 
   00735    0.4082  -41115.8099  0.4397 
   00736    0.4134  -41120.7476  0.4383 
   00737    0.4131  -41109.3187  0.4373 
   00738    0.4093  -41146.9061  0.4352 
   00739    0.4139  -41102.8338  0.4350 
   00740    0.4083  -41126.5714  0.4323 
   00741    0.4109  -41089.6798  0.4329 
   00742    0.4101  -41066.9682  0.4327 
   00743    0.4214  -41141.4536  0.4327 
   00744    0.4113  -41158.7617  0.4336 
   00745    0.4136  -41073.2053  0.4342 
   00746    0.4050  -41146.9734  0.4375 
   00747    0.4169  -41158.4015  0.4384 
   00748    0.4085  -41135.1172  0.4410 
   00749    0.4066  -41132.8949  0.4382 
   00750    0.4174  -41112.8279  0.4377 
   00751    0.4108  -41087.0748  0.4374 
   00752    0.4168  -41080.3203  0.4349 
   00753    0.4176  -41179.6660  0.4373 
   00754    0.4114  -41271.5852  0.4369 
   00755    0.4123  -41190.0893  0.4371 
   00756    0.4072  -41186.3489  0.4391 
   00757    0.4139  -41243.8915  0.4402 
   00758    0.4209  -41181.8112  0.4404 
   00759    0.4169  -41077.9848  0.4391 
   00760    0.4159  -41086.3684  0.4381 
   00761    0.4106  -41158.8666  0.4372 
   00762    0.4059  -41137.2212  0.4395 
   00763    0.4108  -41063.3720  0.4409 
   00764    0.4150  -41086.1294  0.4407 
   00765    0.4079  -41066.5180  0.4420 
   00766    0.3995  -41058.3225  0.4404 
   00767    0.4134  -41074.6428  0.4430 
   00768    0.4103  -41129.8202  0.4450 
   00769    0.4116  -41239.5750  0.4444 
   00770    0.4131  -41158.1829  0.4472 
   00771    0.4195  -41131.5890  0.4478 
   00772    0.4064  -41041.9330  0.4493 
   00773    0.4091  -41023.1244  0.4482 
   00774    0.4108  -41142.8305  0.4503 
   00775    0.4121  -41208.5596  0.4546 
   00776    0.4056  -41211.3056  0.4560 
   00777    0.4106  -41266.3232  0.4576 
   00778    0.4074  -41279.6259  0.4595 
   00779    0.4160  -41253.4008  0.4588 
   00780    0.4145  -41121.9689  0.4577 
   00781    0.4102  -41128.4622  0.4592 
   00782    0.4136  -41081.6063  0.4575 
   00783    0.4121  -41085.4054  0.4576 
   00784    0.4111  -41118.5423  0.4578 
   00785    0.4147  -41130.6610  0.4570 
   00786    0.4131  -41115.8201  0.4537 
   00787    0.4150  -41043.7980  0.4563 
   00788    0.4174  -41056.3476  0.4548 
   00789    0.4226  -41083.6204  0.4546 
   00790    0.4056  -41159.5756  0.4576 
   00791    0.4063  -41151.9748  0.4570 
   00792    0.4141  -41126.7117  0.4589 
   00793    0.4127  -41157.3336  0.4590 
   00794    0.4112  -41259.4687  0.4573 
   00795    0.4076  -41299.6044  0.4593 
   00796    0.4082  -41228.4867  0.4572 
   00797    0.4007  -41251.1579  0.4568 
   00798    0.4104  -41171.3536  0.4559 
   00799    0.4205  -41242.9649  0.4564 
   00800    0.4150  -41316.2705  0.4551 
   00801    0.4127  -41342.3876  0.4529 
   00802    0.4121  -41268.6178  0.4535 
   00803    0.4117  -41196.6851  0.4521 
   00804    0.4113  -41255.9097  0.4543 
   00805    0.4090  -41188.5154  0.4546 
   00806    0.4043  -41288.3563  0.4566 
   00807    0.4113  -41232.7276  0.4574 
   00808    0.4160  -41196.5432  0.4573 
   00809    0.4161  -41170.3648  0.4590 
   00810    0.4107  -41134.7324  0.4592 
   00811    0.4196  -41160.7549  0.4552 
   00812    0.4086  -41264.8159  0.4543 
   00813    0.4132  -41215.6692  0.4534 
   00814    0.4121  -41131.8698  0.4518 
   00815    0.4049  -41171.8736  0.4521 
   00816    0.4095  -41238.7546  0.4545 
   00817    0.4174  -41281.6409  0.4549 
   00818    0.4101  -41264.7004  0.4550 
   00819    0.4094  -41353.8659  0.4541 
   00820    0.4174  -41374.9543  0.4533 
   00821    0.4121  -41363.4142  0.4521 
   00822    0.4103  -41139.7928  0.4504 
   00823    0.4136  -41206.8948  0.4495 
   00824    0.4157  -41224.2202  0.4481 
   00825    0.4189  -41143.3778  0.4478 
   00826    0.4088  -41091.1076  0.4458 
   00827    0.4051  -41055.3530  0.4412 
   00828    0.4175  -41033.2233  0.4418 
   00829    0.4040  -41104.4734  0.4423 
   00830    0.4068  -41012.2486  0.4406 
   00831    0.4146  -41014.5939  0.4424 
   00832    0.4055  -41020.1508  0.4414 
   00833    0.4143  -41073.1997  0.4432 
   00834    0.4071  -41130.7220  0.4421 
   00835    0.4098  -41117.8864  0.4399 
   00836    0.4140  -41084.6818  0.4404 
   00837    0.4139  -41155.5562  0.4418 
   00838    0.4193  -41248.2553  0.4403 
   00839    0.4068  -41292.8743  0.4401 
   00840    0.4114  -41288.3319  0.4431 
   00841    0.4045  -41284.3091  0.4420 
   00842    0.4068  -41177.5745  0.4403 
   00843    0.4130  -41217.5341  0.4368 
   00844    0.4121  -41150.4997  0.4386 
   00845    0.4118  -41169.5000  0.4363 
   00846    0.4155  -41176.4134  0.4394 
   00847    0.4083  -41293.1858  0.4366 
   00848    0.4112  -41210.1712  0.4332 
   00849    0.4094  -41217.9923  0.4337 
   00850    0.4160  -41266.5074  0.4361 
   00851    0.4149  -41257.5638  0.4350 
   00852    0.4090  -41150.5146  0.4377 
   00853    0.4150  -41112.0355  0.4376 
   00854    0.4054  -41081.5417  0.4359 
   00855    0.4107  -41137.7689  0.4375 
   00856    0.4091  -41163.6530  0.4377 
   00857    0.4070  -41137.7864  0.4370 
   00858    0.4065  -41196.1244  0.4363 
   00859    0.4083  -41064.3875  0.4360 
   00860    0.4077  -41142.2778  0.4336 
   00861    0.4074  -41226.3362  0.4337 
   00862    0.4066  -41272.0933  0.4357 
   00863    0.4158  -41207.6200  0.4350 
   00864    0.4017  -41156.7801  0.4351 
   00865    0.4155  -41098.5003  0.4363 
   00866    0.4122  -41270.3736  0.4349 
   00867    0.4085  -41246.1973  0.4344 
   00868    0.4140  -41170.7694  0.4347 
   00869    0.4121  -41230.4474  0.4340 
   00870    0.4156  -41198.2606  0.4337 
   00871    0.4074  -41128.0710  0.4338 
   00872    0.4156  -41166.8652  0.4337 
   00873    0.4150  -41201.0801  0.4319 
   00874    0.4183  -41135.9928  0.4334 
   00875    0.4098  -41203.2056  0.4349 
   00876    0.4063  -41258.4733  0.4313 
   00877    0.4122  -41266.8569  0.4309 
   00878    0.4106  -41277.2242  0.4324 
   00879    0.4051  -41370.1521  0.4320 
   00880    0.4120  -41389.5804  0.4295 
   00881    0.4124  -41379.0841  0.4285 
   00882    0.4144  -41383.6757  0.4268 
   00883    0.4098  -41370.6818  0.4264 
   00884    0.4098  -41321.4189  0.4273 
   00885    0.4128  -41353.3309  0.4277 
   00886    0.4115  -41354.2464  0.4267 
   00887    0.4121  -41352.2819  0.4265 
   00888    0.4128  -41286.4286  0.4292 
   00889    0.4136  -41218.1030  0.4282 
   00890    0.4188  -41196.2083  0.4304 
   00891    0.4098  -41200.5997  0.4305 
   00892    0.4031  -41282.1802  0.4310 
   00893    0.4134  -41211.1441  0.4304 
   00894    0.4070  -41325.2564  0.4307 
   00895    0.4091  -41250.6532  0.4305 
   00896    0.4024  -41214.5104  0.4302 
   00897    0.4090  -41253.2518  0.4335 
   00898    0.4158  -41225.3362  0.4315 
   00899    0.4215  -41241.5186  0.4331 
   00900    0.4088  -41242.5448  0.4334 
   00901    0.4113  -41239.7393  0.4340 
   00902    0.4177  -41219.7213  0.4355 
   00903    0.4096  -41266.8369  0.4378 
   00904    0.4157  -41247.6254  0.4370 
   00905    0.4121  -41266.5038  0.4378 
   00906    0.4035  -41212.9070  0.4380 
   00907    0.4050  -41125.0025  0.4367 
   00908    0.4147  -41139.8382  0.4360 
   00909    0.4128  -41164.4075  0.4359 
   00910    0.4101  -41199.0428  0.4363 
   00911    0.4117  -41212.1361  0.4367 
   00912    0.4040  -41218.6691  0.4379 
   00913    0.4188  -41281.0304  0.4386 
   00914    0.4067  -41310.7896  0.4391 
   00915    0.3996  -41335.4406  0.4385 
   00916    0.4055  -41309.3167  0.4388 
   00917    0.4127  -41335.8180  0.4381 
   00918    0.4126  -41342.5925  0.4405 
   00919    0.4174  -41403.9967  0.4414 
   00920    0.4074  -41325.3477  0.4398 
   00921    0.4169  -41285.6879  0.4365 
   00922    0.4085  -41236.0029  0.4345 
   00923    0.4043  -41253.5036  0.4350 
   00924    0.4102  -41250.0975  0.4348 
   00925    0.4107  -41245.1564  0.4353 
   00926    0.4078  -41377.1279  0.4370 
   00927    0.4105  -41345.4662  0.4373 
   00928    0.4130  -41359.3986  0.4369 
   00929    0.4130  -41356.1366  0.4362 
   00930    0.4003  -41317.9985  0.4364 
   00931    0.4069  -41315.7564  0.4346 
   00932    0.4082  -41344.2058  0.4382 
   00933    0.4023  -41318.2480  0.4362 
   00934    0.4173  -41172.1980  0.4398 
   00935    0.4195  -41165.0312  0.4390 
   00936    0.4088  -41200.6155  0.4387 
   00937    0.4125  -41248.2339  0.4335 
   00938    0.4102  -41286.1714  0.4353 
   00939    0.4096  -41238.8865  0.4336 
   00940    0.4061  -41334.3708  0.4343 
   00941    0.4049  -41380.3710  0.4365 
   00942    0.4145  -41264.5509  0.4333 
   00943    0.4080  -41265.0774  0.4350 
   00944    0.4162  -41320.0773  0.4405 
   00945    0.4081  -41391.9090  0.4409 
   00946    0.4121  -41364.1516  0.4414 
   00947    0.4131  -41382.2407  0.4401 
   00948    0.4094  -41430.2594  0.4411 
   00949    0.4129  -41439.5742  0.4454 
   00950    0.4090  -41384.3771  0.4480 
   00951    0.4186  -41271.1519  0.4464 
   00952    0.4053  -41266.1349  0.4452 
   00953    0.4148  -41197.9602  0.4449 
   00954    0.4150  -41292.3215  0.4442 
   00955    0.4109  -41262.2466  0.4448 
   00956    0.4049  -41253.3713  0.4432 
   00957    0.4143  -41236.1073  0.4457 
   00958    0.4103  -41240.6716  0.4486 
   00959    0.4140  -41245.5371  0.4487 
   00960    0.4126  -41204.8265  0.4486 
   00961    0.4101  -41229.0937  0.4488 
   00962    0.4116  -41275.9606  0.4487 
   00963    0.4133  -41277.8502  0.4504 
   00964    0.4210  -41293.9495  0.4506 
   00965    0.4116  -41266.2232  0.4544 
   00966    0.4145  -41185.0776  0.4548 
   00967    0.4105  -41160.2777  0.4579 
   00968    0.4178  -41049.2520  0.4572 
   00969    0.4158  -41120.6014  0.4573 
   00970    0.4097  -41183.4167  0.4598 
   00971    0.4155  -41194.8857  0.4607 
   00972    0.4169  -41268.0373  0.4606 
   00973    0.4169  -41121.8476  0.4621 
   00974    0.4149  -41193.2962  0.4611 
   00975    0.4052  -41169.4611  0.4622 
   00976    0.4079  -41304.0605  0.4610 
   00977    0.4055  -41300.2314  0.4562 
   00978    0.4183  -41255.1772  0.4560 
   00979    0.4221  -41300.3473  0.4565 
   00980    0.4120  -41193.4937  0.4574 
   00981    0.4006  -41280.2758  0.4577 
   00982    0.4135  -41233.6425  0.4579 
   00983    0.4098  -41299.1302  0.4592 
   00984    0.4131  -41276.2422  0.4586 
   00985    0.4183  -41255.7329  0.4586 
   00986    0.4119  -41158.5133  0.4586 
   00987    0.4151  -41191.6677  0.4579 
   00988    0.4060  -41185.3794  0.4577 
   00989    0.4103  -41172.1400  0.4580 
   00990    0.4046  -41252.5320  0.4576 
   00991    0.4085  -41254.2139  0.4569 
   00992    0.4084  -41230.5471  0.4552 
   00993    0.4084  -41250.1893  0.4565 
   00994    0.4140  -41172.9600  0.4576 
   00995    0.4069  -41160.3658  0.4567 
   00996    0.4180  -41184.3197  0.4563 
   00997    0.4127  -41210.6884  0.4582 
   00998    0.4143  -41174.6657  0.4542 
   00999    0.4105  -41263.5531  0.4582 
   01000    0.4112  -41275.3482  0.4583 
