#=====================================================
# File created:        Wed-30-Oct-2024-at-08-21-38PM
# Size of lattice:     50x50
# Number of MC steps:  1000
# Reduced temperature: 0.500
# Run time (s):        3.642698
#=====================================================
# MC step:  Ratio:     Energy:   Order:
#=====================================================
   00000    0.5000   -2404.3891  0.2797 
   00001    0.6856   -3692.1194  0.2831 
   00002    0.6024   -4542.8143  0.2859 
   00003    0.5764   -5152.4191  0.2886 
   00004    0.5612   -5581.9652  0.2949 
   00005    0.5360   -5956.0849  0.2989 
   00006    0.5188   -6233.5471  0.2984 
   00007    0.4996   -6445.3881  0.3036 
   00008    0.4836   -6629.1310  0.3040 
   00009    0.4896   -6778.0892  0.3028 
   00010    0.4872   -6957.4452  0.3074 
   00011    0.4652   -7056.6000  0.3212 
   00012    0.4740   -7168.7342  0.3148 
   00013    0.4680   -7233.1898  0.3182 
   00014    0.4536   -7336.2467  0.3117 
   00015    0.4384   -7354.5181  0.3218 
   00016    0.4424   -7409.2360  0.3210 
   00017    0.4532   -7436.4341  0.3266 
   00018    0.4676   -7458.8559  0.3286 
   00019    0.4576   -7530.0234  0.3306 
   00020    0.4516   -7576.0349  0.3438 
   00021    0.4384   -7630.8637  0.3504 
   00022    0.4376   -7658.4865  0.3542 
   00023    0.4324   -7722.4617  0.3551 
   00024    0.4508   -7752.6249  0.3591 
   00025    0.4480   -7766.8046  0.3548 
   00026    0.4308   -7758.9888  0.3521 
   00027    0.4448   -7785.0109  0.3504 
   00028    0.4672   -7781.0531  0.3460 
   00029    0.4264   -7838.0312  0.3454 
   00030    0.4272   -7885.9837  0.3569 
   00031    0.4504   -7871.8477  0.3537 
   00032    0.4496   -7921.3270  0.3563 
   00033    0.4532   -7952.6673  0.3594 
   00034    0.4188   -7929.1237  0.3614 
   00035    0.4168   -7938.5251  0.3582 
   00036    0.4336   -7997.2676  0.3617 
   00037    0.4428   -7942.3960  0.3655 
   00038    0.4300   -7916.5448  0.3657 
   00039    0.4392   -7924.0318  0.3688 
   00040    0.4512   -7917.0561  0.3781 
   00041    0.4412   -7950.5264  0.3774 
   00042    0.4364   -7947.6680  0.3793 
   00043    0.4392   -7989.8199  0.3846 
   00044    0.4216   -8015.3921  0.3864 
   00045    0.4360   -8037.7772  0.3867 
   00046    0.4196   -8095.4123  0.3884 
   00047    0.4128   -8098.2084  0.3845 
   00048    0.4244   -8081.1406  0.3868 
   00049    0.4120   -8108.0658  0.3920 
   00050    0.4148   -8120.0044  0.3943 
   00051    0.4256   -8142.9574  0.3949 
   00052    0.4092   -8148.9890  0.3945 
   00053    0.4124   -8131.1612  0.3955 
   00054    0.4160   -8111.5130  0.3931 
   00055    0.4328   -8138.3606  0.3975 
   00056    0.4224   -8123.1503  0.4007 
   00057    0.4116   -8102.2589  0.3995 
   00058    0.4240   -8138.0075  0.4044 
   00059    0.4112   -8135.4181  0.4043 
   00060    0.4356   -8201.7846  0.4113 
   00061    0.4268   -8191.1603  0.4060 
   00062    0.4228   -8239.3748  0.4088 
   00063    0.4304   -8226.0501  0.4150 
   00064    0.4396   -8163.6553  0.4133 
   00065    0.4020   -8175.2528  0.4123 
   00066    0.4348   -8166.0423  0.4082 
   00067    0.4252   -8186.1885  0.4134 
   00068    0.4232   -8162.3425  0.4082 
   00069    0.4240   -8139.2610  0.4080 
   00070    0.4184   -8147.2420  0.4045 
   00071    0.4368   -8149.4682  0.4068 
   00072    0.4172   -8185.6727  0.4038 
   00073    0.4384   -8219.2006  0.4054 
   00074    0.4352   -8203.5725  0.4069 
   00075    0.4240   -8213.8009  0.4059 
   00076    0.4304   -8223.8062  0.4066 
   00077    0.4360   -8215.7221  0.4044 
   00078    0.4112   -8192.7009  0.3972 
   00079    0.4180   -8194.5083  0.4044 
   00080    0.4316   -8210.7580  0.4055 
   00081    0.4240   -8218.5155  0.4045 
   00082    0.4164   -8180.4415  0.4005 
   00083    0.4228   -8212.5081  0.4012 
   00084    0.4200   -8212.1741  0.4039 
   00085    0.4092   -8202.3767  0.4052 
   00086    0.4308   -8240.7910  0.4033 
   00087    0.4240   -8238.3992  0.4069 
   00088    0.4248   -8265.6921  0.4074 
   00089    0.4180   -8242.6765  0.4000 
   00090    0.4100   -8224.5788  0.4011 
   00091    0.4192   -8174.1466  0.4009 
   00092    0.4136   -8207.8676  0.3958 
   00093    0.4272   -8162.1798  0.3945 
   00094    0.4232   -8210.3193  0.3924 
   00095    0.4248   -8215.1830  0.3861 
   00096    0.4324   -8174.7771  0.3817 
   00097    0.4268   -8193.6234  0.3802 
   00098    0.4168   -8186.3752  0.3746 
   00099    0.3960   -8200.7585  0.3846 
   00100    0.4104   -8237.5471  0.3867 
   00101    0.4256   -8204.4732  0.3871 
   00102    0.4276   -8255.3870  0.3880 
   00103    0.4184   -8231.2162  0.3926 
   00104    0.4260   -8241.8090  0.3867 
   00105    0.4276   -8187.1489  0.3854 
   00106    0.4292   -8171.7832  0.3809 
   00107    0.4096   -8240.6392  0.3857 
   00108    0.4180   -8266.5162  0.3827 
   00109    0.4384   -8261.1972  0.3797 
   00110    0.4020   -8247.9560  0.3827 
   00111    0.4288   -8250.7027  0.3770 
   00112    0.4072   -8258.9821  0.3776 
   00113    0.4120   -8280.6070  0.3755 
   00114    0.4120   -8311.7663  0.3719 
   00115    0.4224   -8328.3867  0.3688 
   00116    0.4216   -8295.6815  0.3668 
   00117    0.4224   -8280.2449  0.3595 
   00118    0.4032   -8274.6832  0.3572 
   00119    0.4188   -8263.7373  0.3546 
   00120    0.4140   -8297.8470  0.3625 
   00121    0.4160   -8292.3843  0.3586 
   00122    0.4204   -8276.8507  0.3536 
   00123    0.4124   -8289.8409  0.3621 
   00124    0.4264   -8323.2072  0.3687 
   00125    0.4324   -8260.5475  0.3639 
   00126    0.4172   -8271.9079  0.3599 
   00127    0.4344   -8323.8671  0.3664 
   00128    0.4184   -8303.4318  0.3716 
   00129    0.4268   -8278.7936  0.3650 
   00130    0.4044   -8311.8847  0.3604 
   00131    0.4060   -8332.2313  0.3593 
   00132    0.4076   -8304.8871  0.3552 
   00133    0.4264   -8289.3732  0.3584 
   00134    0.4064   -8316.2399  0.3576 
   00135    0.4200   -8274.4610  0.3542 
   00136    0.4100   -8284.2944  0.3574 
   00137    0.4024   -8299.6283  0.3577 
   00138    0.4216   -8272.8225  0.3606 
   00139    0.4208   -8265.0127  0.3650 
   00140    0.4244   -8297.7702  0.3616 
   00141    0.4388   -8255.1371  0.3554 
   00142    0.4132   -8311.5146  0.3576 
   00143    0.4100   -8346.1349  0.3538 
   00144    0.4152   -8328.0659  0.3495 
   00145    0.4076   -8334.5340  0.3505 
   00146    0.4300   -8327.4231  0.3554 
   00147    0.4308   -8295.6471  0.3565 
   00148    0.3972   -8342.5096  0.3577 
   00149    0.4400   -8312.0825  0.3658 
   00150    0.4092   -8305.2645  0.3665 
   00151    0.4120   -8316.0553  0.3660 
   00152    0.4084   -8382.7819  0.3634 
   00153    0.4168   -8402.5860  0.3645 
   00154    0.4116   -8357.9771  0.3601 
   00155    0.4120   -8362.1107  0.3591 
   00156    0.4160   -8324.5599  0.3577 
   00157    0.4348   -8279.5835  0.3585 
   00158    0.4352   -8309.4902  0.3553 
   00159    0.4328   -8289.2058  0.3502 
   00160    0.4412   -8385.1357  0.3504 
   00161    0.4152   -8405.2946  0.3533 
   00162    0.4080   -8387.6818  0.3521 
   00163    0.4224   -8383.7271  0.3455 
   00164    0.4132   -8376.5518  0.3449 
   00165    0.4240   -8427.4594  0.3417 
   00166    0.3972   -8438.5964  0.3486 
   00167    0.4056   -8448.5985  0.3472 
   00168    0.4120   -8451.1037  0.3447 
   00169    0.4120   -8479.8242  0.3526 
   00170    0.4272   -8480.9356  0.3597 
   00171    0.4108   -8396.5246  0.3611 
   00172    0.4100   -8403.2871  0.3575 
   00173    0.3984   -8441.1435  0.3589 
   00174    0.4132   -8437.7709  0.3669 
   00175    0.4256   -8471.3129  0.3611 
   00176    0.4132   -8486.7713  0.3611 
   00177    0.4096   -8430.2915  0.3548 
   00178    0.4040   -8415.6944  0.3579 
   00179    0.4248   -8424.9164  0.3603 
   00180    0.4184   -8384.3167  0.3569 
   00181    0.4116   -8385.3222  0.3598 
   00182    0.4172   -8344.9489  0.3585 
   00183    0.4320   -8345.3858  0.3486 
   00184    0.4124   -8388.0437  0.3485 
   00185    0.4260   -8386.3642  0.3454 
   00186    0.4120   -8383.1055  0.3487 
   00187    0.3932   -8377.1640  0.3482 
   00188    0.4148   -8404.7576  0.3512 
   00189    0.4044   -8388.2886  0.3446 
   00190    0.4196   -8442.6148  0.3425 
   00191    0.4136   -8477.6748  0.3352 
   00192    0.4008   -8466.8333  0.3339 
   00193    0.4024   -8447.1921  0.3375 
   00194    0.4116   -8443.2881  0.3395 
   00195    0.4104   -8420.0658  0.3372 
   00196    0.4172   -8370.7992  0.3371 
   00197    0.4184   -8369.1105  0.3349 
   00198    0.4120   -8357.1977  0.3368 
   00199    0.4232   -8379.5432  0.3365 
   00200    0.4080   -8363.5701  0.3347 
   00201    0.4120   -8360.6760  0.3341 
   00202    0.4028   -8371.2847  0.3308 
   00203    0.4096   -8407.7691  0.3287 
   00204    0.4148   -8389.3786  0.3358 
   00205    0.4068   -8444.2767  0.3341 
   00206    0.4240   -8460.6596  0.3354 
   00207    0.4112   -8467.8267  0.3283 
   00208    0.4200   -8478.4163  0.3288 
   00209    0.4332   -8485.7654  0.3316 
   00210    0.4356   -8462.8738  0.3248 
   00211    0.4020   -8448.7823  0.3266 
   00212    0.4148   -8453.4490  0.3296 
   00213    0.4232   -8443.3477  0.3306 
   00214    0.4276   -8443.5221  0.3267 
   00215    0.4120   -8468.3127  0.3232 
   00216    0.4248   -8451.5775  0.3256 
   00217    0.4028   -8416.4729  0.3250 
   00218    0.4120   -8413.8443  0.3254 
   00219    0.4352   -8347.2682  0.3211 
   00220    0.4020   -8395.4063  0.3179 
   00221    0.4176   -8358.3622  0.3200 
   00222    0.4156   -8346.9619  0.3185 
   00223    0.4148   -8303.6930  0.3184 
   00224    0.4184   -8314.3222  0.3180 
   00225    0.4372   -8344.0327  0.3187 
   00226    0.4280   -8377.4658  0.3171 
   00227    0.4040   -8330.9724  0.3197 
   00228    0.4212   -8327.7431  0.3228 
   00229    0.4208   -8350.5262  0.3169 
   00230    0.4012   -8335.1539  0.3196 
   00231    0.4044   -8369.6928  0.3183 
   00232    0.4084   -8365.0843  0.3100 
   00233    0.4216   -8361.1820  0.3099 
   00234    0.4256   -8401.8125  0.3090 
   00235    0.4100   -8418.1636  0.3092 
   00236    0.4172   -8381.5014  0.3032 
   00237    0.4060   -8376.1858  0.3004 
   00238    0.4180   -8379.2548  0.3034 
   00239    0.4240   -8401.6749  0.3041 
   00240    0.4240   -8422.3841  0.3077 
   00241    0.4048   -8416.9027  0.3061 
   00242    0.4056   -8447.2320  0.3037 
   00243    0.4188   -8443.6999  0.3027 
   00244    0.4116   -8460.0571  0.3092 
   00245    0.4032   -8426.7321  0.3101 
   00246    0.4136   -8398.0002  0.3061 
   00247    0.4084   -8402.7076  0.3083 
   00248    0.4284   -8404.2441  0.3100 
   00249    0.4188   -8403.1010  0.3029 
   00250    0.3944   -8408.2177  0.3052 
   00251    0.4168   -8413.7830  0.3013 
   00252    0.4076   -8423.9259  0.3101 
   00253    0.4056   -8382.6066  0.3073 
   00254    0.4108   -8411.4469  0.3046 
   00255    0.4088   -8428.4204  0.3123 
   00256    0.4112   -8437.8240  0.3149 
   00257    0.4180   -8488.2827  0.3128 
   00258    0.4024   -8508.7296  0.3190 
   00259    0.4072   -8505.3967  0.3145 
   00260    0.4036   -8486.7019  0.3224 
   00261    0.3968   -8462.5690  0.3217 
   00262    0.4112   -8419.5918  0.3286 
   00263    0.4188   -8432.0000  0.3256 
   00264    0.4168   -8436.0295  0.3280 
   00265    0.4084   -8445.3645  0.3292 
   00266    0.4120   -8450.1235  0.3289 
   00267    0.4072   -8492.5213  0.3339 
   00268    0.3996   -8467.9426  0.3286 
   00269    0.4028   -8482.5024  0.3195 
   00270    0.4240   -8495.2791  0.3263 
   00271    0.4160   -8489.7727  0.3277 
   00272    0.4228   -8497.1597  0.3280 
   00273    0.4200   -8474.4403  0.3297 
   00274    0.3960   -8453.0002  0.3284 
   00275    0.4200   -8458.7166  0.3296 
   00276    0.4032   -8485.2253  0.3262 
   00277    0.4100   -8503.9509  0.3241 
   00278    0.4224   -8502.2117  0.3286 
   00279    0.4116   -8509.1128  0.3246 
   00280    0.4064   -8531.7194  0.3261 
   00281    0.4388   -8528.3142  0.3297 
   00282    0.4068   -8502.5631  0.3293 
   00283    0.4088   -8498.8436  0.3229 
   00284    0.4260   -8480.6036  0.3251 
   00285    0.4236   -8447.4642  0.3235 
   00286    0.4116   -8437.7443  0.3191 
   00287    0.4144   -8450.3403  0.3190 
   00288    0.4272   -8431.0522  0.3209 
   00289    0.4056   -8440.9678  0.3196 
   00290    0.4060   -8469.2206  0.3196 
   00291    0.4252   -8506.2678  0.3177 
   00292    0.4328   -8511.3660  0.3154 
   00293    0.4108   -8569.2543  0.3162 
   00294    0.4020   -8543.8830  0.3216 
   00295    0.4044   -8554.8747  0.3208 
   00296    0.4064   -8551.7512  0.3232 
   00297    0.4120   -8575.5588  0.3218 
   00298    0.4028   -8524.2032  0.3186 
   00299    0.4124   -8506.1028  0.3185 
   00300    0.4160   -8490.6977  0.3202 
   00301    0.4184   -8465.6225  0.3237 
   00302    0.4156   -8517.8086  0.3252 
   00303    0.4192   -8493.4438  0.3297 
   00304    0.4176   -8505.2383  0.3226 
   00305    0.4128   -8451.9248  0.3242 
   00306    0.4116   -8487.1361  0.3198 
   00307    0.4008   -8520.3731  0.3198 
   00308    0.4048   -8559.0457  0.3267 
   00309    0.4096   -8551.4199  0.3242 
   00310    0.4200   -8524.1613  0.3303 
   00311    0.3964   -8493.2162  0.3331 
   00312    0.4020   -8517.7057  0.3375 
   00313    0.4208   -8499.8195  0.3406 
   00314    0.4040   -8470.5719  0.3465 
   00315    0.3884   -8461.8809  0.3502 
   00316    0.4244   -8463.7554  0.3561 
   00317    0.4096   -8453.8686  0.3489 
   00318    0.4328   -8440.8789  0.3441 
   00319    0.4148   -8443.3911  0.3432 
   00320    0.4144   -8451.0525  0.3414 
   00321    0.4084   -8425.8609  0.3443 
   00322    0.4228   -8412.9067  0.3426 
   00323    0.4252   -8401.9462  0.3338 
   00324    0.4248   -8466.5167  0.3372 
   00325    0.4152   -8462.2988  0.3422 
   00326    0.4180   -8519.8648  0.3451 
   00327    0.4104   -8486.5169  0.3490 
   00328    0.4240   -8512.5843  0.3425 
   00329    0.4280   -8502.6317  0.3399 
   00330    0.4060   -8517.6756  0.3392 
   00331    0.4192   -8505.3029  0.3355 
   00332    0.4068   -8499.5585  0.3391 
   00333    0.4252   -8474.7116  0.3415 
   00334    0.4152   -8469.6643  0.3421 
   00335    0.4068   -8507.3879  0.3409 
   00336    0.4204   -8467.7792  0.3434 
   00337    0.4240   -8415.8394  0.3430 
   00338    0.4120   -8452.3648  0.3457 
   00339    0.4052   -8441.5318  0.3448 
   00340    0.4176   -8433.3024  0.3466 
   00341    0.4220   -8441.2020  0.3550 
   00342    0.4148   -8424.9029  0.3519 
   00343    0.4336   -8443.3464  0.3519 
   00344    0.4112   -8440.9668  0.3510 
   00345    0.4068   -8387.0011  0.3570 
   00346    0.4136   -8411.0492  0.3599 
   00347    0.4200   -8445.7394  0.3601 
   00348    0.4124   -8480.7106  0.3618 
   00349    0.3880   -8460.7967  0.3580 
   00350    0.4172   -8456.0064  0.3596 
   00351    0.4176   -8473.5227  0.3587 
   00352    0.4084   -8523.1223  0.3538 
   00353    0.4140   -8462.0923  0.3606 
   00354    0.4316   -8495.8776  0.3666 
   00355    0.4120   -8462.8510  0.3644 
   00356    0.4004   -8494.1004  0.3641 
   00357    0.4012   -8485.2396  0.3663 
   00358    0.4076   -8528.5550  0.3671 
   00359    0.4072   -8468.4508  0.3645 
   00360    0.4068   -8513.0965  0.3601 
   00361    0.4052   -8521.6756  0.3687 
   00362    0.4216   -8498.8321  0.3682 
   00363    0.4228   -8466.5312  0.3685 
   00364    0.4128   -8458.1773  0.3686 
   00365    0.4132   -8442.9782  0.3655 
   00366    0.4156   -8449.8565  0.3606 
   00367    0.4008   -8411.9976  0.3637 
   00368    0.4152   -8433.8049  0.3582 
   00369    0.4016   -8430.0500  0.3660 
   00370    0.4272   -8402.6605  0.3647 
   00371    0.4320   -8399.8782  0.3596 
   00372    0.3932   -8408.8912  0.3595 
   00373    0.4228   -8435.1548  0.3653 
   00374    0.4016   -8448.1341  0.3663 
   00375    0.4148   -8433.9762  0.3670 
   00376    0.4132   -8418.3383  0.3657 
   00377    0.4272   -8481.6429  0.3663 
   00378    0.4096   -8495.8412  0.3628 
   00379    0.4160   -8444.5546  0.3642 
   00380    0.4060   -8428.1925  0.3636 
   00381    0.4180   -8410.8807  0.3643 
   00382    0.4016   -8404.3056  0.3647 
   00383    0.4152   -8432.5361  0.3690 
   00384    0.4096   -8439.7383  0.3689 
   00385    0.4240   -8463.4995  0.3674 
   00386    0.4040   -8482.6817  0.3679 
   00387    0.4188   -8482.3914  0.3701 
   00388    0.4212   -8495.2119  0.3679 
   00389    0.4148   -8504.8785  0.3670 
   00390    0.4260   -8498.8621  0.3654 
   00391    0.4200   -8551.0852  0.3635 
   00392    0.4116   -8541.6996  0.3676 
   00393    0.4136   -8517.8919  0.3664 
   00394    0.4264   -8535.2882  0.3620 
   00395    0.4008   -8509.8310  0.3633 
   00396    0.4312   -8484.3018  0.3640 
   00397    0.4008   -8473.5550  0.3632 
   00398    0.3936   -8481.1584  0.3645 
   00399    0.4208   -8505.1551  0.3679 
   00400    0.4232   -8552.9836  0.3675 
   00401    0.4212   -8538.3771  0.3705 
   00402    0.4168   -8492.3417  0.3686 
   00403    0.3976   -8485.8408  0.3633 
   00404    0.4136   -8511.4402  0.3628 
   00405    0.4140   -8512.1098  0.3640 
   00406    0.3904   -8501.6646  0.3650 
   00407    0.3968   -8505.2157  0.3664 
   00408    0.4256   -8487.4682  0.3638 
   00409    0.4240   -8502.0136  0.3693 
   00410    0.3952   -8516.2595  0.3612 
   00411    0.4132   -8491.7060  0.3613 
   00412    0.4092   -8508.5243  0.3622 
   00413    0.4228   -8503.9339  0.3592 
   00414    0.4096   -8516.3268  0.3673 
   00415    0.4084   -8494.7071  0.3687 
   00416    0.4152   -8495.6491  0.3637 
   00417    0.4204   -8547.9798  0.3667 
   00418    0.4172   -8527.2965  0.3644 
   00419    0.4004   -8549.3536  0.3625 
   00420    0.4192   -8502.8483  0.3618 
   00421    0.4040   -8516.8084  0.3653 
   00422    0.4104   -8526.9892  0.3619 
   00423    0.4156   -8553.5970  0.3621 
   00424    0.4012   -8538.0509  0.3624 
   00425    0.4128   -8557.5687  0.3624 
   00426    0.4020   -8586.6368  0.3606 
   00427    0.4060   -8525.8638  0.3555 
   00428    0.4164   -8502.8531  0.3546 
   00429    0.4096   -8498.8921  0.3520 
   00430    0.4140   -8506.4027  0.3504 
   00431    0.3892   -8502.7119  0.3516 
   00432    0.3900   -8506.9224  0.3498 
   00433    0.3968   -8522.0018  0.3564 
   00434    0.4024   -8538.9613  0.3556 
   00435    0.4232   -8495.9160  0.3545 
   00436    0.4112   -8508.3713  0.3451 
   00437    0.4056   -8536.8628  0.3475 
   00438    0.4288   -8499.8627  0.3448 
   00439    0.4112   -8483.3931  0.3496 
   00440    0.4436   -8441.0500  0.3434 
   00441    0.4124   -8445.1299  0.3449 
   00442    0.4224   -8483.4217  0.3514 
   00443    0.4268   -8493.6789  0.3466 
   00444    0.4064   -8478.5977  0.3380 
   00445    0.4396   -8496.1000  0.3423 
   00446    0.4252   -8515.5310  0.3451 
   00447    0.4312   -8506.4458  0.3475 
   00448    0.4176   -8526.9016  0.3469 
   00449    0.4092   -8511.0292  0.3457 
   00450    0.4304   -8508.8731  0.3428 
   00451    0.3996   -8497.1086  0.3407 
   00452    0.4060   -8482.9174  0.3447 
   00453    0.4052   -8483.6028  0.3452 
   00454    0.4100   -8486.3082  0.3452 
   00455    0.3944   -8534.7968  0.3412 
   00456    0.4068   -8484.6400  0.3388 
   00457    0.4192   -8468.9849  0.3330 
   00458    0.4020   -8454.3222  0.3282 
   00459    0.3920   -8446.1621  0.3222 
   00460    0.4024   -8446.3621  0.3255 
   00461    0.4176   -8538.0787  0.3242 
   00462    0.4020   -8496.2566  0.3261 
   00463    0.3980   -8505.3174  0.3264 
   00464    0.4184   -8491.9316  0.3265 
   00465    0.4220   -8459.5159  0.3256 
   00466    0.4020   -8484.8758  0.3313 
   00467    0.4084   -8513.6338  0.3315 
   00468    0.4344   -8467.2475  0.3255 
   00469    0.4092   -8454.7933  0.3234 
   00470    0.4080   -8476.4405  0.3228 
   00471    0.4148   -8456.3409  0.3208 
   00472    0.4096   -8457.0858  0.3233 
   00473    0.4200   -8456.4802  0.3206 
   00474    0.4160   -8485.8259  0.3275 
   00475    0.4116   -8462.8770  0.3211 
   00476    0.4112   -8468.4867  0.3226 
   00477    0.4152   -8445.7525  0.3196 
   00478    0.3984   -8457.7188  0.3207 
   00479    0.4096   -8449.0816  0.3229 
   00480    0.4124   -8463.4648  0.3221 
   00481    0.4040   -8499.2088  0.3222 
   00482    0.4016   -8507.9993  0.3157 
   00483    0.4108   -8450.1444  0.3130 
   00484    0.4088   -8445.2637  0.3188 
   00485    0.4064   -8481.1945  0.3152 
   00486    0.4168   -8524.6101  0.3168 
   00487    0.4116   -8497.7820  0.3164 
   00488    0.4160   -8550.5870  0.3094 
   00489    0.3944   -8542.9400  0.3079 
   00490    0.4156   -8586.3367  0.3050 
   00491    0.4068   -8603.6710  0.3069 
   00492    0.4196   -8551.1152  0.3066 
   00493    0.4096   -8536.6919  0.3120 
   00494    0.4208   -8520.6447  0.3124 
   00495    0.4124   -8496.8438  0.3089 
   00496    0.4124   -8481.8227  0.3082 
   00497    0.4268   -8493.4804  0.3133 
   00498    0.4152   -8541.8753  0.3157 
   00499    0.4072   -8516.9984  0.3126 
   00500    0.3980   -8502.6504  0.3121 
   00501    0.3940   -8525.0872  0.3137 
   00502    0.4056   -8507.3249  0.3107 
   00503    0.4080   -8482.9024  0.3185 
   00504    0.4180   -8504.3304  0.3222 
   00505    0.4192   -8518.0721  0.3213 
   00506    0.4112   -8501.6333  0.3275 
   00507    0.4056   -8459.7608  0.3317 
   00508    0.4240   -8399.6831  0.3257 
   00509    0.4232   -8439.1540  0.3320 
   00510    0.3992   -8465.4576  0.3238 
   00511    0.4104   -8436.4214  0.3245 
   00512    0.4216   -8479.8557  0.3231 
   00513    0.4084   -8492.0759  0.3229 
   00514    0.4084   -8479.5549  0.3183 
   00515    0.4124   -8477.7209  0.3159 
   00516    0.4160   -8496.0562  0.3139 
   00517    0.4076   -8483.2994  0.3138 
   00518    0.4276   -8506.8695  0.3109 
   00519    0.4100   -8492.9977  0.3114 
   00520    0.3952   -8538.2349  0.3148 
   00521    0.3912   -8526.1325  0.3124 
   00522    0.4072   -8483.0478  0.3072 
   00523    0.4112   -8475.0594  0.3122 
   00524    0.4016   -8450.7194  0.3142 
   00525    0.4168   -8421.6030  0.3100 
   00526    0.4280   -8438.8015  0.3008 
   00527    0.4156   -8445.5785  0.2998 
   00528    0.4272   -8488.7707  0.2946 
   00529    0.4096   -8495.1478  0.2935 
   00530    0.4148   -8470.2368  0.2880 
   00531    0.4224   -8478.3302  0.2932 
   00532    0.3948   -8482.9868  0.2960 
   00533    0.4032   -8483.0387  0.2893 
   00534    0.4248   -8515.8069  0.2920 
   00535    0.3996   -8471.4008  0.2970 
   00536    0.4184   -8466.0038  0.2992 
   00537    0.4228   -8442.6693  0.2938 
   00538    0.4216   -8474.2171  0.2893 
   00539    0.4068   -8479.4616  0.2894 
   00540    0.4216   -8490.6316  0.2945 
   00541    0.4116   -8489.0375  0.2949 
   00542    0.4000   -8463.1121  0.2934 
   00543    0.4172   -8419.7812  0.3025 
   00544    0.4196   -8406.9457  0.2927 
   00545    0.4012   -8383.1423  0.2871 
   00546    0.4324   -8405.0615  0.2894 
   00547    0.4220   -8401.7317  0.2864 
   00548    0.3876   -8412.9377  0.2847 
   00549    0.4128   -8433.5187  0.2749 
   00550    0.4068   -8468.4564  0.2772 
   00551    0.4176   -8503.0565  0.2800 
   00552    0.4140   -8499.9854  0.2836 
   00553    0.4136   -8469.6150  0.2827 
   00554    0.4052   -8500.2056  0.2903 
   00555    0.4000   -8515.4215  0.2818 
   00556    0.4108   -8512.2014  0.2899 
   00557    0.4152   -8507.0869  0.2921 
   00558    0.4036   -8509.8437  0.2954 
   00559    0.4132   -8484.5387  0.2905 
   00560    0.4276   -8523.7891  0.2880 
   00561    0.4060   -8517.1415  0.2879 
   00562    0.4052   -8485.1680  0.2892 
   00563    0.4068   -8475.3892  0.2918 
   00564    0.4036   -8525.3535  0.2894 
   00565    0.4164   -8575.7971  0.2900 
   00566    0.4072   -8555.5612  0.2879 
   00567    0.4088   -8537.7545  0.2919 
   00568    0.4276   -8478.8012  0.2968 
   00569    0.4156   -8501.4605  0.2958 
   00570    0.4108   -8515.5265  0.2900 
   00571    0.4168   -8485.7025  0.2952 
   00572    0.4100   -8503.0143  0.3041 
   00573    0.4168   -8476.8941  0.3072 
   00574    0.4132   -8505.9866  0.3070 
   00575    0.3972   -8463.8272  0.3082 
   00576    0.4064   -8505.4326  0.3037 
   00577    0.4008   -8502.2415  0.2981 
   00578    0.4020   -8485.2580  0.2967 
   00579    0.4028   -8491.1544  0.2908 
   00580    0.4020   -8543.5038  0.2905 
   00581    0.4208   -8492.7954  0.2885 
   00582    0.4108   -8446.2981  0.2857 
   00583    0.3972   -8453.1819  0.2832 
   00584    0.4004   -8493.5420  0.2869 
   00585    0.4164   -8485.6007  0.2884 
   00586    0.4124   -8463.9524  0.2843 
   00587    0.4144   -8467.5191  0.2814 
   00588    0.4104   -8484.9665  0.2781 
   00589    0.4140   -8531.7213  0.2831 
   00590    0.4008   -8528.8117  0.2857 
   00591    0.4284   -8500.4166  0.2928 
   00592    0.4192   -8504.2361  0.2960 
   00593    0.4120   -8520.7194  0.2936 
   00594    0.3948   -8475.1574  0.2908 
   00595    0.4124   -8483.1245  0.2948 
   00596    0.4192   -8442.1451  0.2884 
   00597    0.4300   -8511.7670  0.2887 
   00598    0.3952   -8490.2451  0.2832 
   00599    0.4212   -8451.0282  0.2895 
   00600    0.4104   -8487.7637  0.2835 
   00601    0.4124   -8493.1042  0.2781 
   00602    0.4168   -8490.0128  0.2749 
   00603    0.4096   -8522.1129  0.2817 
   00604    0.4132   -8560.9494  0.2829 
   00605    0.4060   -8547.9728  0.2813 
   00606    0.4080   -8537.4638  0.2859 
   00607    0.3932   -8523.9100  0.2841 
   00608    0.4240   -8534.9142  0.2785 
   00609    0.4232   -8509.2693  0.2761 
   00610    0.4112   -8523.8538  0.2731 
   00611    0.4128   -8538.0945  0.2735 
   00612    0.3976   -8573.6073  0.2736 
   00613    0.4004   -8575.5796  0.2732 
   00614    0.4004   -8547.4501  0.2700 
   00615    0.4228   -8560.4244  0.2729 
   00616    0.4312   -8485.8340  0.2739 
   00617    0.4156   -8513.6824  0.2729 
   00618    0.4128   -8465.4956  0.2715 
   00619    0.4096   -8503.8420  0.2749 
   00620    0.3992   -8480.2632  0.2823 
   00621    0.4228   -8506.7320  0.2795 
   00622    0.4184   -8504.4961  0.2796 
   00623    0.4024   -8510.4568  0.2826 
   00624    0.4132   -8547.9139  0.2808 
   00625    0.4172   -8555.1682  0.2811 
   00626    0.4240   -8547.6083  0.2884 
   00627    0.3980   -8502.8301  0.2866 
   00628    0.4308   -8519.4351  0.2842 
   00629    0.4220   -8476.1522  0.2849 
   00630    0.4380   -8503.2353  0.2868 
   00631    0.4176   -8573.9335  0.2833 
   00632    0.4088   -8571.2810  0.2879 
   00633    0.3864   -8574.6074  0.2881 
   00634    0.4040   -8551.4880  0.2828 
   00635    0.4244   -8537.9851  0.2841 
   00636    0.4132   -8555.3045  0.2797 
   00637    0.3976   -8533.2852  0.2853 
   00638    0.4084   -8532.4343  0.2817 
   00639    0.3932   -8557.1378  0.2819 
   00640    0.3848   -8535.7975  0.2886 
   00641    0.4256   -8555.2638  0.2854 
   00642    0.4068   -8573.3842  0.2872 
   00643    0.3948   -8557.4201  0.2879 
   00644    0.4040   -8536.0074  0.2825 
   00645    0.4236   -8499.5085  0.2857 
   00646    0.4076   -8520.0158  0.2771 
   00647    0.4184   -8470.3181  0.2794 
   00648    0.4052   -8487.6470  0.2796 
   00649    0.4088   -8528.1841  0.2733 
   00650    0.4180   -8527.8124  0.2780 
   00651    0.4088   -8523.3343  0.2788 
   00652    0.4108   -8510.3766  0.2816 
   00653    0.4096   -8522.2205  0.2833 
   00654    0.4140   -8595.6045  0.2828 
   00655    0.4088   -8554.6515  0.2844 
   00656    0.4236   -8502.2537  0.2904 
   00657    0.3948   -8454.2576  0.2915 
   00658    0.4092   -8492.4789  0.2966 
   00659    0.4376   -8502.4359  0.2984 
   00660    0.4132   -8507.9778  0.2959 
   00661    0.4164   -8564.6671  0.2885 
   00662    0.4024   -8545.8989  0.2890 
   00663    0.4148   -8534.6157  0.2838 
   00664    0.4144   -8524.6147  0.2868 
   00665    0.4180   -8557.2629  0.2830 
   00666    0.4064   -8540.9377  0.2817 
   00667    0.4200   -8573.0518  0.2774 
   00668    0.3988   -8566.5788  0.2804 
   00669    0.4160   -8557.1548  0.2800 
   00670    0.4180   -8558.9388  0.2806 
   00671    0.4240   -8585.4400  0.2866 
   00672    0.4148   -8593.1444  0.2875 
   00673    0.4096   -8572.9057  0.2895 
   00674    0.4044   -8571.3319  0.2870 
   00675    0.4040   -8550.5912  0.2895 
   00676    0.4064   -8551.0456  0.2858 
   00677    0.4168   -8553.8701  0.2886 
   00678    0.4108   -8560.9901  0.2842 
   00679    0.4112   -8577.2768  0.2856 
   00680    0.4140   -8536.6878  0.2888 
   00681    0.4020   -8529.3220  0.2923 
   00682    0.4056   -8520.9056  0.2972 
   00683    0.4252   -8531.4793  0.3034 
   00684    0.4044   -8539.9922  0.2987 
   00685    0.4220   -8582.3588  0.3082 
   00686    0.4064   -8553.1911  0.3117 
   00687    0.4132   -8528.7402  0.3078 
   00688    0.4132   -8537.0051  0.3107 
   00689    0.4248   -8519.8844  0.3112 
   00690    0.4144   -8502.9151  0.3122 
   00691    0.4288   -8532.2708  0.3170 
   00692    0.4168   -8547.2596  0.3166 
   00693    0.4152   -8511.1292  0.3124 
   00694    0.4180   -8535.9474  0.3187 
   00695    0.4116   -8549.2738  0.3123 
   00696    0.4012   -8526.9182  0.3178 
   00697    0.4072   -8536.6858  0.3111 
   00698    0.3992   -8543.4036  0.3095 
   00699    0.4224   -8545.9468  0.3025 
   00700    0.4028   -8496.9322  0.2964 
   00701    0.4204   -8465.5697  0.2979 
   00702    0.4156   -8428.1428  0.2989 
   00703    0.4056   -8433.3794  0.2999 
   00704    0.4120   -8440.4089  0.3036 
   00705    0.4004   -8456.0763  0.3087 
   00706    0.4172   -8465.9921  0.3049 
   00707    0.4084   -8517.9904  0.3021 
   00708    0.4088   -8537.3659  0.3012 
   00709    0.4024   -8530.4745  0.3011 
   00710    0.4048   -8550.6296  0.3039 
   00711    0.3920   -8568.4632  0.3122 
   00712    0.4096   -8546.8061  0.3098 
   00713    0.4036   -8542.8185  0.3172 
   00714    0.4168   -8579.0742  0.3111 
   00715    0.4208   -8546.9067  0.3118 
   00716    0.4076   -8542.1760  0.3137 
   00717    0.4028   -8586.7520  0.3152 
   00718    0.4092   -8586.1115  0.3098 
   00719    0.4104   -8592.3724  0.3108 
   00720    0.4252   -8598.6259  0.3101 
   00721    0.4136   -8556.0678  0.3035 
   00722    0.4092   -8528.7938  0.3002 
   00723    0.4016   -8515.0767  0.3014 
   00724    0.4080   -8527.6463  0.3021 
   00725    0.4136   -8503.3028  0.2971 
   00726    0.4060   -8543.2161  0.2937 
   00727    0.4204   -8504.9960  0.2935 
   00728    0.3932   -8540.5773  0.2912 
   00729    0.4064   -8552.2973  0.2875 
   00730    0.4160   -8562.6104  0.2868 
   00731    0.4016   -8581.1896  0.2888 
   00732    0.4096   -8559.7566  0.2871 
   00733    0.4060   -8526.9784  0.2832 
   00734    0.4068   -8481.4010  0.2816 
   00735    0.4148   -8476.7632  0.2862 
   00736    0.4192   -8468.5323  0.2917 
   00737    0.4128   -8438.8841  0.2895 
   00738    0.4072   -8466.4960  0.2924 
   00739    0.4044   -8475.9363  0.3011 
   00740    0.3952   -8495.4694  0.3013 
   00741    0.4148   -8550.5443  0.2963 
   00742    0.4056   -8530.7623  0.3001 
   00743    0.3956   -8546.9243  0.3025 
   00744    0.4348   -8527.6867  0.3000 
   00745    0.4080   -8519.0525  0.3000 
   00746    0.3852   -8488.1811  0.2999 
   00747    0.4172   -8537.9262  0.2995 
   00748    0.4244   -8568.5845  0.3029 
   00749    0.4004   -8575.0215  0.3045 
   00750    0.4000   -8519.7612  0.2992 
   00751    0.4152   -8515.5834  0.2971 
   00752    0.3976   -8480.4579  0.2984 
   00753    0.4228   -8528.3356  0.2918 
   00754    0.4184   -8542.7114  0.2911 
   00755    0.4072   -8529.5823  0.2893 
   00756    0.4008   -8484.3208  0.2919 
   00757    0.4268   -8456.4006  0.2944 
   00758    0.4220   -8452.4201  0.2943 
   00759    0.4096   -8445.0487  0.2959 
   00760    0.4064   -8474.1187  0.2939 
   00761    0.4080   -8465.5503  0.2962 
   00762    0.4116   -8451.6770  0.2936 
   00763    0.4104   -8502.0891  0.2964 
   00764    0.3992   -8496.0974  0.3009 
   00765    0.4156   -8480.6524  0.3045 
   00766    0.4136   -8453.8439  0.2953 
   00767    0.4184   -8508.7118  0.2973 
   00768    0.4208   -8507.1270  0.2980 
   00769    0.4328   -8543.9254  0.3004 
   00770    0.4000   -8536.0004  0.2970 
   00771    0.4044   -8535.4723  0.2913 
   00772    0.4120   -8485.1069  0.2899 
   00773    0.4336   -8486.4105  0.2857 
   00774    0.4164   -8491.5049  0.2828 
   00775    0.4160   -8462.0266  0.2773 
   00776    0.4156   -8535.4013  0.2804 
   00777    0.4048   -8486.5430  0.2800 
   00778    0.4092   -8503.8035  0.2852 
   00779    0.4096   -8497.9258  0.2773 
   00780    0.4224   -8459.8088  0.2734 
   00781    0.4072   -8444.1311  0.2810 
   00782    0.4132   -8470.6244  0.2846 
   00783    0.4268   -8483.7154  0.2896 
   00784    0.4080   -8501.6869  0.2959 
   00785    0.4084   -8487.4769  0.2983 
   00786    0.4088   -8508.7297  0.3035 
   00787    0.4116   -8499.3170  0.3033 
   00788    0.4016   -8510.6203  0.3022 
   00789    0.4080   -8515.9317  0.3094 
   00790    0.3904   -8531.0529  0.3141 
   00791    0.4116   -8514.9254  0.3181 
   00792    0.4188   -8502.3878  0.3164 
   00793    0.4296   -8486.4333  0.3245 
   00794    0.4072   -8470.9387  0.3209 
   00795    0.4052   -8455.0857  0.3273 
   00796    0.4036   -8469.0176  0.3247 
   00797    0.4180   -8513.1183  0.3231 
   00798    0.4300   -8484.2560  0.3284 
   00799    0.4056   -8485.0326  0.3287 
   00800    0.4240   -8515.3333  0.3269 
   00801    0.4000   -8464.2268  0.3240 
   00802    0.4020   -8494.3971  0.3276 
   00803    0.4004   -8479.1943  0.3300 
   00804    0.4136   -8489.6051  0.3317 
   00805    0.4108   -8485.8106  0.3286 
   00806    0.4092   -8527.0676  0.3312 
   00807    0.3888   -8510.2928  0.3249 
   00808    0.4252   -8474.0401  0.3215 
   00809    0.4136   -8508.5351  0.3221 
   00810    0.4032   -8517.9664  0.3176 
   00811    0.4056   -8528.8314  0.3187 
   00812    0.4192   -8508.5239  0.3116 
   00813    0.4184   -8504.8351  0.3114 
   00814    0.4180   -8509.9380  0.3105 
   00815    0.4088   -8473.1046  0.3087 
   00816    0.4128   -8485.1907  0.3012 
   00817    0.4244   -8500.3247  0.3061 
   00818    0.4008   -8527.3311  0.3031 
   00819    0.4176   -8478.6322  0.3008 
   00820    0.4044   -8470.4008  0.3038 
   00821    0.4316   -8485.5170  0.3000 
   00822    0.4120   -8502.5822  0.3017 
   00823    0.4176   -8515.6249  0.3053 
   00824    0.4156   -8521.3704  0.3040 
   00825    0.3928   -8550.2911  0.3061 
   00826    0.3948   -8564.9497  0.3033 
   00827    0.4196   -8538.8655  0.2987 
   00828    0.4104   -8505.0779  0.2985 
   00829    0.4128   -8501.2334  0.3000 
   00830    0.4016   -8459.5517  0.2961 
   00831    0.4024   -8461.3817  0.3001 
   00832    0.4196   -8490.0869  0.2985 
   00833    0.4148   -8490.1146  0.2989 
   00834    0.4132   -8501.6777  0.2933 
   00835    0.4068   -8512.2829  0.2966 
   00836    0.4168   -8532.0580  0.2941 
   00837    0.4028   -8549.5623  0.2938 
   00838    0.4144   -8512.9565  0.2886 
   00839    0.3980   -8536.6262  0.2882 
   00840    0.3956   -8561.2468  0.2894 
   00841    0.4188   -8528.6674  0.2921 
   00842    0.4060   -8526.8482  0.2932 
   00843    0.3960   -8589.5288  0.2980 
   00844    0.4112   -8608.2651  0.2970 
   00845    0.4084   -8591.7688  0.2993 
   00846    0.4268   -8534.1737  0.2931 
   00847    0.4140   -8535.3542  0.2945 
   00848    0.4080   -8544.1198  0.2974 
   00849    0.4176   -8548.9016  0.2995 
   00850    0.4128   -8568.2381  0.3015 
   00851    0.4120   -8513.9256  0.3025 
   00852    0.4224   -8540.8664  0.3048 
   00853    0.4144   -8551.8926  0.3070 
   00854    0.4104   -8580.0985  0.3082 
   00855    0.4016   -8537.2939  0.3048 
   00856    0.4260   -8525.0559  0.3035 
   00857    0.4248   -8488.0786  0.3007 
   00858    0.4028   -8479.4242  0.3080 
   00859    0.4124   -8458.7582  0.3116 
   00860    0.3956   -8515.2889  0.3125 
   00861    0.4096   -8506.3742  0.3123 
   00862    0.4152   -8514.9304  0.3187 
   00863    0.4028   -8497.7194  0.3178 
   00864    0.3984   -8508.9037  0.3201 
   00865    0.4032   -8525.5454  0.3222 
   00866    0.4184   -8525.0569  0.3230 
   00867    0.4064   -8528.2665  0.3134 
   00868    0.4056   -8504.7366  0.3125 
   00869    0.3956   -8531.3301  0.3139 
   00870    0.4240   -8487.5975  0.3179 
   00871    0.4092   -8468.4077  0.3220 
   00872    0.4060   -8479.9717  0.3311 
   00873    0.4016   -8476.4123  0.3289 
   00874    0.4016   -8426.8632  0.3323 
   00875    0.4104   -8457.1375  0.3290 
   00876    0.4092   -8460.2917  0.3272 
   00877    0.4164   -8461.7450  0.3301 
   00878    0.4124   -8464.0077  0.3268 
   00879    0.3872   -8483.2478  0.3333 
   00880    0.4196   -8477.4995  0.3290 
   00881    0.4012   -8474.8241  0.3319 
   00882    0.4084   -8494.5854  0.3333 
   00883    0.4280   -8432.6551  0.3308 
   00884    0.4084   -8446.6329  0.3336 
   00885    0.4020   -8456.3922  0.3352 
   00886    0.3984   -8467.3444  0.3378 
   00887    0.4244   -8528.3228  0.3362 
   00888    0.4136   -8529.8308  0.3354 
   00889    0.4036   -8531.6784  0.3342 
   00890    0.4208   -8526.5588  0.3412 
   00891    0.4012   -8511.2521  0.3398 
   00892    0.4172   -8528.3080  0.3412 
   00893    0.4008   -8532.4171  0.3509 
   00894    0.4216   -8510.8913  0.3518 
   00895    0.4204   -8489.7071  0.3605 
   00896    0.4068   -8486.6414  0.3647 
   00897    0.4364   -8513.9439  0.3704 
   00898    0.4080   -8519.1797  0.3708 
   00899    0.4132   -8485.3900  0.3641 
   00900    0.4232   -8486.0499  0.3651 
   00901    0.4076   -8499.0461  0.3671 
   00902    0.4168   -8507.0492  0.3710 
   00903    0.4004   -8511.3341  0.3681 
   00904    0.4148   -8524.2179  0.3678 
   00905    0.4168   -8517.1165  0.3684 
   00906    0.4112   -8551.3730  0.3695 
   00907    0.4252   -8504.8965  0.3742 
   00908    0.4124   -8528.1524  0.3790 
   00909    0.4020   -8541.5160  0.3856 
   00910    0.4072   -8532.9995  0.3847 
   00911    0.4032   -8485.1066  0.3811 
   00912    0.4164   -8479.1739  0.3882 
   00913    0.4084   -8489.7181  0.3879 
   00914    0.3948   -8514.3000  0.3885 
   00915    0.4140   -8548.9709  0.3835 
   00916    0.4176   -8571.2887  0.3804 
   00917    0.4092   -8564.0078  0.3814 
   00918    0.4084   -8544.7670  0.3775 
   00919    0.3972   -8553.2788  0.3812 
   00920    0.4172   -8512.2955  0.3731 
   00921    0.4168   -8532.7183  0.3740 
   00922    0.3992   -8561.8428  0.3787 
   00923    0.4276   -8529.6383  0.3764 
   00924    0.4128   -8556.4355  0.3718 
   00925    0.4064   -8575.6073  0.3664 
   00926    0.4244   -8592.7841  0.3727 
   00927    0.4188   -8540.9562  0.3741 
   00928    0.3868   -8491.1708  0.3788 
   00929    0.4140   -8560.4662  0.3684 
   00930    0.3952   -8595.8226  0.3689 
   00931    0.4036   -8642.3858  0.3770 
   00932    0.3992   -8577.5329  0.3764 
   00933    0.4132   -8593.1020  0.3836 
   00934    0.4040   -8553.5155  0.3795 
   00935    0.4132   -8535.8048  0.3841 
   00936    0.4160   -8480.4310  0.3806 
   00937    0.4088   -8542.9405  0.3803 
   00938    0.4140   -8491.5766  0.3864 
   00939    0.4164   -8491.0812  0.3859 
   00940    0.4120   -8546.5419  0.3864 
   00941    0.4132   -8512.2759  0.3877 
   00942    0.4148   -8541.4991  0.3851 
   00943    0.3924   -8540.0333  0.3883 
   00944    0.4040   -8501.4137  0.3890 
   00945    0.4160   -8508.1783  0.3843 
   00946    0.4268   -8518.6049  0.3795 
   00947    0.4156   -8507.4712  0.3738 
   00948    0.4144   -8540.2396  0.3743 
   00949    0.4016   -8560.1043  0.3788 
   00950    0.3972   -8569.8740  0.3807 
   00951    0.4196   -8569.3739  0.3752 
   00952    0.4012   -8588.1265  0.3776 
   00953    0.4048   -8538.5773  0.3742 
   00954    0.3868   -8564.9147  0.3787 
   00955    0.4172   -8519.8785  0.3845 
   00956    0.4112   -8546.6661  0.3863 
   00957    0.4080   -8507.0057  0.3891 
   00958    0.4000   -8559.9973  0.3901 
   00959    0.4032   -8565.8092  0.3876 
   00960    0.4196   -8550.5608  0.3908 
   00961    0.3976   -8551.3785  0.3971 
   00962    0.4252   -8565.7017  0.3972 
   00963    0.4200   -8584.8283  0.3989 
   00964    0.4096   -8555.8162  0.4011 
   00965    0.4020   -8552.0256  0.4006 
   00966    0.4184   -8521.1048  0.4045 
   00967    0.4268   -8573.9937  0.4048 
   00968    0.4028   -8552.7715  0.4071 
   00969    0.4172   -8587.8702  0.4090 
   00970    0.4220   -8595.8370  0.4074 
   00971    0.3932   -8600.1056  0.4085 
   00972    0.4044   -8584.8672  0.4091 
   00973    0.3924   -8592.9240  0.4089 
   00974    0.3964   -8631.8245  0.4107 
   00975    0.4216   -8603.3299  0.4211 
   00976    0.4208   -8567.2279  0.4216 
   00977    0.4092   -8527.2929  0.4141 
   00978    0.4080   -8535.2819  0.4200 
   00979    0.4164   -8547.1666  0.4207 
   00980    0.4104   -8583.5374  0.4265 
   00981    0.4152   -8585.8581  0.4293 
   00982    0.4180   -8600.0158  0.4288 
   00983    0.4092   -8569.0400  0.4292 
   00984    0.3988   -8569.1665  0.4340 
   00985    0.4184   -8558.9521  0.4237 
   00986    0.4016   -8546.2389  0.4260 
   00987    0.4064   -8531.9264  0.4270 
   00988    0.4192   -8570.0728  0.4299 
   00989    0.3940   -8582.6907  0.4313 
   00990    0.4084   -8524.6893  0.4304 
   00991    0.4028   -8565.7497  0.4322 
   00992    0.4296   -8532.8127  0.4364 
   00993    0.4108   -8508.4381  0.4369 
   00994    0.4088   -8564.1531  0.4408 
   00995    0.3828   -8561.5568  0.4407 
   00996    0.4128   -8550.7901  0.4336 
   00997    0.4128   -8569.2033  0.4353 
   00998    0.4176   -8599.6429  0.4353 
   00999    0.3908   -8560.5319  0.4396 
   01000    0.4160   -8552.4633  0.4427 
