#=====================================================
# File created:        Thu-31-Oct-2024-at-02-25-52AM
# Size of lattice:     50x50
# Number of MC steps:  1000
# Reduced temperature: 0.500
# Run time (s):        0.673962
#=====================================================
# MC step:  Ratio:     Energy:   Order:
#=====================================================
   00000    0.5000   -2580.1339  0.2631 
   00001    1.0000   -2534.2770  0.2620 
   00002    1.0000   -2495.4228  0.2646 
   00003    1.0000   -2497.1380  0.2629 
   00004    1.0000   -2504.8680  0.2673 
   00005    1.0000   -2510.0127  0.2630 
   00006    1.0000   -2537.4994  0.2647 
   00007    1.0000   -2556.3169  0.2623 
   00008    1.0000   -2525.0164  0.2651 
   00009    1.0000   -2591.8377  0.2566 
   00010    1.0000   -2568.3698  0.2617 
   00011    0.0000   -2414.5697  0.2576 
   00012    1.0000   -2422.0195  0.2570 
   00013    1.0000   -2445.8228  0.2582 
   00014    1.0000   -2516.6426  0.2578 
   00015    1.0000   -2456.5235  0.2550 
   00016    1.0000   -2521.2980  0.2625 
   00017    1.0000   -2553.0278  0.2676 
   00018    1.0000   -2481.2311  0.2688 
   00019    1.0000   -2569.4343  0.2761 
   00020    0.0000   -2502.6292  0.2772 
   00021    1.0000   -2492.9497  0.2670 
   00022    1.0000   -2509.2846  0.2779 
   00023    1.0000   -2450.3380  0.2724 
   00024    1.0000   -2437.1533  0.2650 
   00025    0.0000   -2561.2241  0.2713 
   00026    1.0000   -2550.7636  0.2728 
   00027    1.0000   -2591.9760  0.2710 
   00028    1.0000   -2611.6573  0.2666 
   00029    1.0000   -2595.8378  0.2660 
   00030    1.0000   -2432.5353  0.2637 
   00031    1.0000   -2460.4900  0.2600 
   00032    1.0000   -2559.2376  0.2568 
   00033    1.0000   -2585.3156  0.2623 
   00034    1.0000   -2653.2452  0.2589 
   00035    1.0000   -2646.7290  0.2624 
   00036    1.0000   -2571.4897  0.2536 
   00037    1.0000   -2482.9858  0.2636 
   00038    1.0000   -2420.0270  0.2714 
   00039    1.0000   -2410.7860  0.2639 
   00040    1.0000   -2503.6624  0.2592 
   00041    1.0000   -2402.9008  0.2601 
   00042    0.0000   -2394.6933  0.2708 
   00043    1.0000   -2405.0853  0.2542 
   00044    1.0000   -2459.6774  0.2675 
   00045    1.0000   -2439.4353  0.2654 
   00046    1.0000   -2475.2957  0.2557 
   00047    1.0000   -2560.0824  0.2596 
   00048    1.0000   -2450.1543  0.2516 
   00049    1.0000   -2483.7744  0.2612 
   00050    1.0000   -2524.9020  0.2621 
   00051    1.0000   -2645.4708  0.2578 
   00052    1.0000   -2653.4915  0.2725 
   00053    1.0000   -2601.9131  0.2629 
   00054    1.0000   -2513.8711  0.2603 
   00055    1.0000   -2601.2095  0.2634 
   00056    1.0000   -2546.7865  0.2609 
   00057    1.0000   -2443.9204  0.2639 
   00058    1.0000   -2496.6649  0.2618 
   00059    1.0000   -2545.9574  0.2640 
   00060    1.0000   -2477.6204  0.2638 
   00061    1.0000   -2472.6669  0.2533 
   00062    1.0000   -2466.6741  0.2633 
   00063    1.0000   -2425.0249  0.2598 
   00064    1.0000   -2397.5886  0.2594 
   00065    1.0000   -2577.8067  0.2546 
   00066    1.0000   -2596.7509  0.2578 
   00067    1.0000   -2501.9442  0.2601 
   00068    1.0000   -2412.6363  0.2683 
   00069    1.0000   -2396.8871  0.2543 
   00070    1.0000   -2433.3184  0.2609 
   00071    1.0000   -2438.4476  0.2662 
   00072    1.0000   -2505.9977  0.2662 
   00073    1.0000   -2495.8306  0.2600 
   00074    1.0000   -2432.9497  0.2608 
   00075    1.0000   -2374.6989  0.2707 
   00076    1.0000   -2432.3865  0.2768 
   00077    1.0000   -2440.9751  0.2687 
   00078    1.0000   -2462.9840  0.2625 
   00079    1.0000   -2509.1068  0.2600 
   00080    1.0000   -2545.5862  0.2584 
   00081    1.0000   -2561.8361  0.2572 
   00082    1.0000   -2549.5564  0.2557 
   00083    1.0000   -2542.4797  0.2606 
   00084    1.0000   -2487.3392  0.2521 
   00085    1.0000   -2450.4666  0.2690 
   00086    1.0000   -2502.5822  0.2697 
   00087    1.0000   -2532.2329  0.2644 
   00088    1.0000   -2443.1571  0.2692 
   00089    1.0000   -2491.1923  0.2751 
   00090    1.0000   -2482.1705  0.2740 
   00091    1.0000   -2439.3379  0.2713 
   00092    1.0000   -2421.7249  0.2633 
   00093    1.0000   -2423.6222  0.2720 
   00094    1.0000   -2457.8505  0.2666 
   00095    1.0000   -2395.9135  0.2721 
   00096    1.0000   -2380.2157  0.2717 
   00097    1.0000   -2445.6275  0.2634 
   00098    1.0000   -2432.0639  0.2677 
   00099    1.0000   -2398.1783  0.2700 
   00100    1.0000   -2433.8960  0.2594 
   00101    1.0000   -2484.1099  0.2585 
   00102    1.0000   -2507.8867  0.2641 
   00103    1.0000   -2411.6736  0.2657 
   00104    1.0000   -2414.6158  0.2607 
   00105    1.0000   -2497.4529  0.2685 
   00106    0.0000   -2552.1216  0.2660 
   00107    1.0000   -2510.0903  0.2724 
   00108    1.0000   -2521.8050  0.2637 
   00109    1.0000   -2526.8378  0.2531 
   00110    1.0000   -2587.1839  0.2631 
   00111    1.0000   -2535.8373  0.2569 
   00112    1.0000   -2434.9209  0.2665 
   00113    1.0000   -2455.3672  0.2609 
   00114    1.0000   -2420.6219  0.2576 
   00115    1.0000   -2433.2111  0.2645 
   00116    1.0000   -2431.3457  0.2797 
   00117    1.0000   -2440.6873  0.2620 
   00118    1.0000   -2450.0381  0.2591 
   00119    1.0000   -2585.8816  0.2589 
   00120    1.0000   -2542.3973  0.2536 
   00121    1.0000   -2593.4207  0.2631 
   00122    1.0000   -2598.6139  0.2560 
   00123    1.0000   -2504.9512  0.2582 
   00124    1.0000   -2471.7736  0.2613 
   00125    1.0000   -2511.5111  0.2602 
   00126    1.0000   -2489.3362  0.2658 
   00127    1.0000   -2508.3900  0.2606 
   00128    1.0000   -2510.1482  0.2614 
   00129    1.0000   -2483.5202  0.2556 
   00130    1.0000   -2546.3222  0.2707 
   00131    1.0000   -2493.8609  0.2618 
   00132    1.0000   -2509.7819  0.2588 
   00133    1.0000   -2490.3039  0.2569 
   00134    1.0000   -2435.1227  0.2603 
   00135    1.0000   -2479.7288  0.2670 
   00136    1.0000   -2536.0489  0.2572 
   00137    1.0000   -2579.6511  0.2617 
   00138    1.0000   -2469.0680  0.2518 
   00139    1.0000   -2439.4998  0.2624 
   00140    1.0000   -2561.0701  0.2507 
   00141    1.0000   -2469.9836  0.2581 
   00142    1.0000   -2366.5332  0.2599 
   00143    1.0000   -2428.0653  0.2656 
   00144    0.0000   -2457.8450  0.2711 
   00145    1.0000   -2524.3006  0.2598 
   00146    1.0000   -2451.6781  0.2533 
   00147    1.0000   -2523.1339  0.2620 
   00148    1.0000   -2492.2513  0.2596 
   00149    1.0000   -2570.9782  0.2627 
   00150    1.0000   -2528.3519  0.2576 
   00151    1.0000   -2525.2470  0.2583 
   00152    1.0000   -2528.6855  0.2563 
   00153    1.0000   -2544.8076  0.2563 
   00154    1.0000   -2477.9482  0.2671 
   00155    1.0000   -2485.3498  0.2703 
   00156    1.0000   -2446.5571  0.2607 
   00157    1.0000   -2468.7140  0.2557 
   00158    1.0000   -2482.4821  0.2608 
   00159    1.0000   -2594.5711  0.2700 
   00160    1.0000   -2538.7754  0.2700 
   00161    1.0000   -2506.6966  0.2711 
   00162    1.0000   -2570.7415  0.2660 
   00163    0.0000   -2555.5774  0.2689 
   00164    1.0000   -2509.0158  0.2710 
   00165    0.0000   -2514.2076  0.2646 
   00166    1.0000   -2451.8645  0.2622 
   00167    1.0000   -2517.3974  0.2616 
   00168    1.0000   -2401.3923  0.2594 
   00169    1.0000   -2371.9968  0.2610 
   00170    1.0000   -2398.7536  0.2634 
   00171    1.0000   -2479.6051  0.2679 
   00172    1.0000   -2484.2031  0.2700 
   00173    1.0000   -2475.8613  0.2673 
   00174    1.0000   -2417.4579  0.2529 
   00175    1.0000   -2322.8815  0.2555 
   00176    1.0000   -2373.5917  0.2702 
   00177    1.0000   -2508.8422  0.2783 
   00178    1.0000   -2437.9486  0.2664 
   00179    1.0000   -2352.3303  0.2582 
   00180    1.0000   -2375.4633  0.2627 
   00181    1.0000   -2486.0392  0.2582 
   00182    1.0000   -2392.7462  0.2613 
   00183    1.0000   -2525.6563  0.2671 
   00184    1.0000   -2411.9808  0.2628 
   00185    1.0000   -2503.0332  0.2566 
   00186    1.0000   -2394.9287  0.2527 
   00187    1.0000   -2442.8694  0.2514 
   00188    1.0000   -2393.2719  0.2637 
   00189    1.0000   -2371.8469  0.2751 
   00190    1.0000   -2394.9262  0.2750 
   00191    1.0000   -2477.7199  0.2636 
   00192    1.0000   -2501.2429  0.2581 
   00193    1.0000   -2539.1425  0.2614 
   00194    1.0000   -2556.9674  0.2718 
   00195    1.0000   -2558.6219  0.2750 
   00196    1.0000   -2543.6204  0.2651 
   00197    1.0000   -2569.4370  0.2541 
   00198    1.0000   -2530.1859  0.2534 
   00199    0.0000   -2515.2854  0.2641 
   00200    1.0000   -2476.8627  0.2632 
   00201    1.0000   -2496.7350  0.2541 
   00202    1.0000   -2455.9358  0.2569 
   00203    1.0000   -2430.9850  0.2635 
   00204    1.0000   -2453.1191  0.2627 
   00205    1.0000   -2423.3210  0.2664 
   00206    1.0000   -2491.1435  0.2705 
   00207    1.0000   -2439.1506  0.2790 
   00208    1.0000   -2479.1589  0.2809 
   00209    1.0000   -2470.7923  0.2755 
   00210    1.0000   -2478.6372  0.2662 
   00211    1.0000   -2535.1893  0.2618 
   00212    1.0000   -2475.4724  0.2536 
   00213    1.0000   -2509.8585  0.2554 
   00214    1.0000   -2511.4209  0.2575 
   00215    1.0000   -2450.2338  0.2610 
   00216    1.0000   -2494.7752  0.2617 
   00217    1.0000   -2656.9632  0.2543 
   00218    1.0000   -2605.4635  0.2548 
   00219    1.0000   -2515.7617  0.2572 
   00220    0.0000   -2498.1429  0.2598 
   00221    1.0000   -2417.7500  0.2562 
   00222    1.0000   -2571.0539  0.2599 
   00223    1.0000   -2545.1090  0.2630 
   00224    1.0000   -2557.9445  0.2542 
   00225    1.0000   -2510.8039  0.2540 
   00226    1.0000   -2600.1574  0.2594 
   00227    1.0000   -2636.5072  0.2651 
   00228    1.0000   -2573.9082  0.2621 
   00229    1.0000   -2481.2231  0.2620 
   00230    1.0000   -2501.4788  0.2589 
   00231    1.0000   -2457.7134  0.2576 
   00232    1.0000   -2557.1570  0.2723 
   00233    1.0000   -2557.3797  0.2587 
   00234    1.0000   -2479.4265  0.2511 
   00235    1.0000   -2521.7252  0.2604 
   00236    1.0000   -2526.3050  0.2721 
   00237    1.0000   -2565.1275  0.2610 
   00238    1.0000   -2570.5875  0.2552 
   00239    1.0000   -2485.5714  0.2526 
   00240    1.0000   -2528.1060  0.2572 
   00241    1.0000   -2452.4968  0.2637 
   00242    1.0000   -2551.5296  0.2651 
   00243    1.0000   -2515.3041  0.2723 
   00244    1.0000   -2451.8527  0.2749 
   00245    1.0000   -2652.5432  0.2885 
   00246    1.0000   -2596.4003  0.2743 
   00247    1.0000   -2674.9319  0.2706 
   00248    1.0000   -2605.8616  0.2672 
   00249    1.0000   -2572.9757  0.2661 
   00250    1.0000   -2534.6134  0.2628 
   00251    1.0000   -2602.5279  0.2614 
   00252    1.0000   -2434.5250  0.2588 
   00253    1.0000   -2460.2523  0.2561 
   00254    1.0000   -2512.2293  0.2602 
   00255    1.0000   -2468.9646  0.2635 
   00256    1.0000   -2521.7746  0.2685 
   00257    1.0000   -2566.7518  0.2657 
   00258    1.0000   -2598.0515  0.2675 
   00259    1.0000   -2488.5967  0.2630 
   00260    1.0000   -2490.1415  0.2586 
   00261    1.0000   -2591.7199  0.2787 
   00262    1.0000   -2504.6945  0.2785 
   00263    1.0000   -2452.9698  0.2785 
   00264    1.0000   -2474.8957  0.2651 
   00265    1.0000   -2416.4414  0.2735 
   00266    1.0000   -2355.8380  0.2642 
   00267    1.0000   -2393.0997  0.2590 
   00268    1.0000   -2410.2384  0.2566 
   00269    1.0000   -2538.5491  0.2630 
   00270    1.0000   -2512.4324  0.2699 
   00271    1.0000   -2479.1068  0.2689 
   00272    0.0000   -2531.4780  0.2728 
   00273    1.0000   -2471.2044  0.2691 
   00274    1.0000   -2488.4190  0.2577 
   00275    1.0000   -2556.3576  0.2646 
   00276    1.0000   -2499.5858  0.2689 
   00277    1.0000   -2403.0215  0.2760 
   00278    1.0000   -2471.7838  0.2746 
   00279    1.0000   -2483.3596  0.2728 
   00280    1.0000   -2473.0727  0.2611 
   00281    1.0000   -2505.9642  0.2612 
   00282    1.0000   -2480.5433  0.2747 
   00283    1.0000   -2446.1505  0.2767 
   00284    1.0000   -2443.8603  0.2707 
   00285    1.0000   -2554.6611  0.2704 
   00286    1.0000   -2470.4321  0.2787 
   00287    1.0000   -2455.4739  0.2688 
   00288    1.0000   -2458.0952  0.2625 
   00289    1.0000   -2442.3004  0.2684 
   00290    1.0000   -2383.2548  0.2626 
   00291    1.0000   -2381.6016  0.2628 
   00292    1.0000   -2464.8964  0.2615 
   00293    1.0000   -2464.2897  0.2633 
   00294    1.0000   -2511.5684  0.2691 
   00295    1.0000   -2601.0920  0.2651 
   00296    1.0000   -2524.9402  0.2653 
   00297    1.0000   -2452.5108  0.2620 
   00298    1.0000   -2406.1489  0.2579 
   00299    1.0000   -2462.5502  0.2582 
   00300    1.0000   -2457.1580  0.2611 
   00301    1.0000   -2422.8888  0.2602 
   00302    1.0000   -2451.6357  0.2589 
   00303    1.0000   -2501.1282  0.2630 
   00304    1.0000   -2499.9340  0.2606 
   00305    1.0000   -2487.4627  0.2544 
   00306    1.0000   -2528.0415  0.2660 
   00307    1.0000   -2484.9553  0.2594 
   00308    1.0000   -2439.1731  0.2567 
   00309    1.0000   -2618.8546  0.2632 
   00310    1.0000   -2545.5997  0.2661 
   00311    1.0000   -2514.4423  0.2655 
   00312    1.0000   -2476.5371  0.2687 
   00313    1.0000   -2583.6150  0.2758 
   00314    1.0000   -2525.2152  0.2573 
   00315    1.0000   -2520.9091  0.2620 
   00316    1.0000   -2475.6853  0.2603 
   00317    1.0000   -2564.4244  0.2537 
   00318    1.0000   -2576.8562  0.2578 
   00319    1.0000   -2437.7579  0.2681 
   00320    1.0000   -2515.1524  0.2685 
   00321    1.0000   -2484.6270  0.2734 
   00322    1.0000   -2625.7007  0.2651 
   00323    1.0000   -2585.5423  0.2633 
   00324    1.0000   -2485.8028  0.2583 
   00325    1.0000   -2508.6052  0.2509 
   00326    1.0000   -2488.3910  0.2646 
   00327    0.0000   -2528.8498  0.2637 
   00328    1.0000   -2543.6724  0.2645 
   00329    1.0000   -2577.1844  0.2668 
   00330    1.0000   -2563.0741  0.2722 
   00331    1.0000   -2486.1488  0.2675 
   00332    1.0000   -2492.8980  0.2654 
   00333    1.0000   -2478.7514  0.2618 
   00334    1.0000   -2513.4270  0.2564 
   00335    1.0000   -2610.2573  0.2662 
   00336    1.0000   -2537.6248  0.2671 
   00337    1.0000   -2476.8408  0.2577 
   00338    1.0000   -2418.2352  0.2678 
   00339    1.0000   -2362.3191  0.2688 
   00340    1.0000   -2510.7500  0.2609 
   00341    1.0000   -2561.5142  0.2591 
   00342    1.0000   -2514.0608  0.2660 
   00343    1.0000   -2429.6083  0.2599 
   00344    1.0000   -2498.4398  0.2574 
   00345    1.0000   -2587.8810  0.2611 
   00346    1.0000   -2594.8659  0.2729 
   00347    1.0000   -2451.1794  0.2664 
   00348    1.0000   -2510.7392  0.2681 
   00349    1.0000   -2504.8277  0.2546 
   00350    1.0000   -2414.7853  0.2530 
   00351    1.0000   -2367.4608  0.2524 
   00352    1.0000   -2479.9739  0.2587 
   00353    1.0000   -2450.4426  0.2536 
   00354    1.0000   -2431.3255  0.2532 
   00355    1.0000   -2503.5890  0.2687 
   00356    1.0000   -2454.1824  0.2687 
   00357    1.0000   -2464.2134  0.2744 
   00358    1.0000   -2437.0390  0.2661 
   00359    0.0000   -2444.1558  0.2660 
   00360    1.0000   -2486.9761  0.2549 
   00361    1.0000   -2516.9997  0.2560 
   00362    1.0000   -2553.9276  0.2530 
   00363    1.0000   -2475.8381  0.2618 
   00364    1.0000   -2425.2149  0.2620 
   00365    1.0000   -2402.2090  0.2524 
   00366    1.0000   -2448.7248  0.2546 
   00367    1.0000   -2458.0082  0.2507 
   00368    1.0000   -2378.6310  0.2689 
   00369    1.0000   -2458.8307  0.2747 
   00370    1.0000   -2634.0181  0.2677 
   00371    1.0000   -2586.8263  0.2632 
   00372    1.0000   -2504.3961  0.2720 
   00373    1.0000   -2496.8641  0.2816 
   00374    1.0000   -2428.0878  0.2613 
   00375    1.0000   -2444.4586  0.2576 
   00376    1.0000   -2490.5491  0.2624 
   00377    1.0000   -2485.9763  0.2680 
   00378    1.0000   -2539.5013  0.2587 
   00379    0.0000   -2609.4865  0.2585 
   00380    1.0000   -2586.8650  0.2580 
   00381    1.0000   -2504.5252  0.2662 
   00382    1.0000   -2508.4097  0.2598 
   00383    1.0000   -2489.4306  0.2589 
   00384    1.0000   -2506.7481  0.2643 
   00385    1.0000   -2450.8762  0.2547 
   00386    1.0000   -2516.9503  0.2632 
   00387    1.0000   -2447.0719  0.2557 
   00388    1.0000   -2508.0032  0.2607 
   00389    1.0000   -2483.9676  0.2577 
   00390    1.0000   -2545.5771  0.2711 
   00391    1.0000   -2503.0003  0.2631 
   00392    1.0000   -2535.4706  0.2693 
   00393    1.0000   -2473.4272  0.2626 
   00394    1.0000   -2530.9371  0.2552 
   00395    1.0000   -2591.0235  0.2601 
   00396    1.0000   -2594.5120  0.2645 
   00397    1.0000   -2535.5064  0.2623 
   00398    1.0000   -2552.3285  0.2592 
   00399    1.0000   -2601.4339  0.2518 
   00400    1.0000   -2612.0423  0.2573 
   00401    1.0000   -2579.1621  0.2599 
   00402    1.0000   -2540.1462  0.2647 
   00403    1.0000   -2480.8616  0.2522 
   00404    1.0000   -2494.3023  0.2583 
   00405    1.0000   -2586.4997  0.2626 
   00406    1.0000   -2584.0813  0.2524 
   00407    1.0000   -2560.0893  0.2618 
   00408    1.0000   -2546.3210  0.2626 
   00409    1.0000   -2552.2167  0.2564 
   00410    1.0000   -2542.3487  0.2601 
   00411    1.0000   -2501.2821  0.2748 
   00412    1.0000   -2399.3496  0.2763 
   00413    1.0000   -2394.4191  0.2676 
   00414    1.0000   -2399.7234  0.2700 
   00415    1.0000   -2503.6332  0.2670 
   00416    1.0000   -2650.1011  0.2762 
   00417    1.0000   -2446.2968  0.2622 
   00418    1.0000   -2563.4689  0.2741 
   00419    1.0000   -2543.3872  0.2624 
   00420    1.0000   -2598.3532  0.2612 
   00421    1.0000   -2477.8386  0.2525 
   00422    1.0000   -2511.6881  0.2585 
   00423    1.0000   -2521.2820  0.2596 
   00424    1.0000   -2592.5001  0.2624 
   00425    1.0000   -2568.1283  0.2680 
   00426    1.0000   -2498.6880  0.2656 
   00427    1.0000   -2491.7382  0.2602 
   00428    1.0000   -2467.0311  0.2575 
   00429    1.0000   -2410.6757  0.2641 
   00430    1.0000   -2396.8240  0.2677 
   00431    1.0000   -2471.4834  0.2720 
   00432    1.0000   -2501.1903  0.2717 
   00433    1.0000   -2573.5938  0.2733 
   00434    1.0000   -2558.4606  0.2717 
   00435    1.0000   -2682.9513  0.2631 
   00436    1.0000   -2633.9084  0.2675 
   00437    1.0000   -2551.5908  0.2624 
   00438    1.0000   -2584.8179  0.2669 
   00439    1.0000   -2678.0048  0.2564 
   00440    1.0000   -2478.9892  0.2569 
   00441    1.0000   -2490.7881  0.2571 
   00442    1.0000   -2460.8755  0.2624 
   00443    1.0000   -2433.3441  0.2560 
   00444    1.0000   -2368.8261  0.2599 
   00445    1.0000   -2435.3911  0.2559 
   00446    1.0000   -2554.8617  0.2518 
   00447    1.0000   -2583.3695  0.2602 
   00448    1.0000   -2551.2072  0.2605 
   00449    1.0000   -2616.5717  0.2680 
   00450    1.0000   -2617.0093  0.2602 
   00451    1.0000   -2544.4457  0.2566 
   00452    1.0000   -2486.5950  0.2585 
   00453    1.0000   -2587.8431  0.2648 
   00454    1.0000   -2506.4378  0.2578 
   00455    1.0000   -2382.9148  0.2632 
   00456    1.0000   -2385.3678  0.2723 
   00457    1.0000   -2358.7060  0.2718 
   00458    1.0000   -2388.6929  0.2625 
   00459    0.0000   -2421.6197  0.2667 
   00460    1.0000   -2334.2709  0.2721 
   00461    1.0000   -2315.6420  0.2786 
   00462    1.0000   -2390.6135  0.2754 
   00463    0.0000   -2594.6414  0.2850 
   00464    1.0000   -2558.9885  0.2764 
   00465    0.0000   -2558.1543  0.2797 
   00466    1.0000   -2676.0545  0.2748 
   00467    1.0000   -2512.1177  0.2780 
   00468    1.0000   -2670.0760  0.2701 
   00469    1.0000   -2559.9429  0.2624 
   00470    1.0000   -2370.5127  0.2602 
   00471    1.0000   -2381.4281  0.2690 
   00472    1.0000   -2480.3125  0.2670 
   00473    1.0000   -2451.1820  0.2723 
   00474    1.0000   -2504.3211  0.2775 
   00475    1.0000   -2522.2734  0.2763 
   00476    1.0000   -2529.1902  0.2734 
   00477    1.0000   -2504.2949  0.2668 
   00478    1.0000   -2552.6318  0.2578 
   00479    1.0000   -2617.0880  0.2713 
   00480    1.0000   -2497.3143  0.2632 
   00481    1.0000   -2612.3205  0.2617 
   00482    1.0000   -2520.3182  0.2718 
   00483    1.0000   -2656.4276  0.2672 
   00484    1.0000   -2595.6550  0.2664 
   00485    1.0000   -2494.5774  0.2729 
   00486    1.0000   -2566.8483  0.2672 
   00487    1.0000   -2510.3116  0.2679 
   00488    0.0000   -2659.4661  0.2705 
   00489    1.0000   -2582.8265  0.2641 
   00490    1.0000   -2501.0030  0.2661 
   00491    1.0000   -2551.8672  0.2711 
   00492    1.0000   -2583.9619  0.2679 
   00493    1.0000   -2638.6840  0.2600 
   00494    1.0000   -2582.2383  0.2611 
   00495    1.0000   -2644.1631  0.2572 
   00496    1.0000   -2611.4617  0.2658 
   00497    1.0000   -2617.3773  0.2659 
   00498    1.0000   -2544.8463  0.2757 
   00499    1.0000   -2561.4371  0.2774 
   00500    1.0000   -2623.8206  0.2724 
   00501    1.0000   -2587.4642  0.2718 
   00502    1.0000   -2591.1029  0.2821 
   00503    1.0000   -2491.1104  0.2742 
   00504    1.0000   -2548.8782  0.2754 
   00505    1.0000   -2583.7770  0.2665 
   00506    0.0000   -2514.9034  0.2523 
   00507    1.0000   -2461.5774  0.2572 
   00508    1.0000   -2439.4430  0.2547 
   00509    1.0000   -2479.5076  0.2670 
   00510    1.0000   -2487.3370  0.2625 
   00511    1.0000   -2557.3802  0.2595 
   00512    1.0000   -2547.0916  0.2640 
   00513    1.0000   -2525.8495  0.2532 
   00514    1.0000   -2527.3740  0.2569 
   00515    1.0000   -2423.0945  0.2641 
   00516    1.0000   -2351.0834  0.2568 
   00517    1.0000   -2384.8655  0.2594 
   00518    1.0000   -2399.1982  0.2660 
   00519    1.0000   -2404.9008  0.2601 
   00520    1.0000   -2433.5822  0.2590 
   00521    1.0000   -2434.8291  0.2532 
   00522    1.0000   -2680.1646  0.2616 
   00523    1.0000   -2573.8808  0.2542 
   00524    1.0000   -2575.9577  0.2550 
   00525    1.0000   -2564.0155  0.2589 
   00526    1.0000   -2470.0653  0.2584 
   00527    0.0000   -2596.2352  0.2607 
   00528    1.0000   -2536.7186  0.2608 
   00529    0.0000   -2525.1133  0.2649 
   00530    1.0000   -2415.5592  0.2637 
   00531    1.0000   -2493.6391  0.2672 
   00532    1.0000   -2473.4064  0.2695 
   00533    1.0000   -2504.7672  0.2716 
   00534    0.0000   -2458.5783  0.2637 
   00535    1.0000   -2532.9750  0.2630 
   00536    1.0000   -2410.2657  0.2674 
   00537    0.0000   -2468.9551  0.2690 
   00538    1.0000   -2589.1452  0.2556 
   00539    1.0000   -2547.3694  0.2569 
   00540    1.0000   -2555.7791  0.2594 
   00541    1.0000   -2512.5866  0.2618 
   00542    1.0000   -2534.5235  0.2528 
   00543    1.0000   -2552.4796  0.2609 
   00544    1.0000   -2629.2000  0.2514 
   00545    1.0000   -2517.0112  0.2621 
   00546    1.0000   -2541.1624  0.2655 
   00547    1.0000   -2418.2201  0.2603 
   00548    1.0000   -2331.4940  0.2594 
   00549    1.0000   -2296.4181  0.2703 
   00550    1.0000   -2363.2884  0.2673 
   00551    1.0000   -2403.0658  0.2663 
   00552    1.0000   -2426.0860  0.2745 
   00553    1.0000   -2492.7961  0.2733 
   00554    1.0000   -2520.3406  0.2715 
   00555    1.0000   -2503.4442  0.2673 
   00556    1.0000   -2393.3439  0.2644 
   00557    1.0000   -2448.5875  0.2741 
   00558    1.0000   -2363.5969  0.2673 
   00559    1.0000   -2497.1033  0.2622 
   00560    1.0000   -2462.4369  0.2537 
   00561    1.0000   -2472.7728  0.2517 
   00562    1.0000   -2545.5794  0.2640 
   00563    1.0000   -2503.8446  0.2624 
   00564    1.0000   -2488.9132  0.2665 
   00565    1.0000   -2547.1347  0.2618 
   00566    1.0000   -2540.1779  0.2676 
   00567    1.0000   -2433.6910  0.2627 
   00568    1.0000   -2354.1007  0.2589 
   00569    1.0000   -2419.1418  0.2614 
   00570    1.0000   -2512.2585  0.2582 
   00571    1.0000   -2616.0878  0.2618 
   00572    1.0000   -2487.6555  0.2564 
   00573    1.0000   -2562.7171  0.2676 
   00574    1.0000   -2463.9315  0.2634 
   00575    1.0000   -2506.2527  0.2760 
   00576    1.0000   -2463.4009  0.2659 
   00577    1.0000   -2314.5652  0.2652 
   00578    1.0000   -2467.2757  0.2646 
   00579    1.0000   -2526.9356  0.2577 
   00580    0.0000   -2614.7232  0.2531 
   00581    1.0000   -2592.4003  0.2545 
   00582    0.0000   -2559.2508  0.2562 
   00583    1.0000   -2368.8995  0.2520 
   00584    1.0000   -2337.8024  0.2533 
   00585    1.0000   -2351.6626  0.2611 
   00586    1.0000   -2360.2030  0.2669 
   00587    1.0000   -2443.3588  0.2617 
   00588    1.0000   -2389.1529  0.2576 
   00589    1.0000   -2346.0665  0.2613 
   00590    1.0000   -2357.0055  0.2572 
   00591    1.0000   -2311.0013  0.2610 
   00592    1.0000   -2357.7315  0.2538 
   00593    1.0000   -2321.7375  0.2604 
   00594    1.0000   -2359.5410  0.2617 
   00595    1.0000   -2391.7516  0.2567 
   00596    1.0000   -2346.4934  0.2578 
   00597    1.0000   -2412.5144  0.2607 
   00598    1.0000   -2601.6935  0.2597 
   00599    1.0000   -2487.9627  0.2536 
   00600    1.0000   -2553.3277  0.2658 
   00601    0.0000   -2667.1081  0.2607 
   00602    1.0000   -2619.3520  0.2678 
   00603    1.0000   -2581.6271  0.2661 
   00604    1.0000   -2484.5102  0.2626 
   00605    1.0000   -2457.5844  0.2577 
   00606    1.0000   -2529.7025  0.2608 
   00607    1.0000   -2648.0323  0.2555 
   00608    1.0000   -2498.9686  0.2663 
   00609    1.0000   -2479.4961  0.2610 
   00610    1.0000   -2401.3830  0.2693 
   00611    1.0000   -2500.5621  0.2623 
   00612    1.0000   -2491.4023  0.2547 
   00613    1.0000   -2477.4621  0.2603 
   00614    1.0000   -2480.6635  0.2677 
   00615    1.0000   -2449.8828  0.2564 
   00616    1.0000   -2544.9993  0.2664 
   00617    1.0000   -2580.1278  0.2713 
   00618    1.0000   -2513.4500  0.2727 
   00619    1.0000   -2480.2148  0.2677 
   00620    1.0000   -2421.7426  0.2641 
   00621    1.0000   -2477.5073  0.2591 
   00622    1.0000   -2515.1219  0.2547 
   00623    1.0000   -2517.0700  0.2629 
   00624    1.0000   -2586.0666  0.2585 
   00625    1.0000   -2537.0948  0.2661 
   00626    0.0000   -2518.5366  0.2693 
   00627    1.0000   -2559.2802  0.2666 
   00628    1.0000   -2581.0976  0.2631 
   00629    1.0000   -2617.5654  0.2539 
   00630    1.0000   -2515.7913  0.2618 
   00631    1.0000   -2481.7933  0.2515 
   00632    1.0000   -2480.9869  0.2552 
   00633    1.0000   -2568.2443  0.2589 
   00634    1.0000   -2561.5099  0.2606 
   00635    1.0000   -2485.0386  0.2604 
   00636    1.0000   -2510.2176  0.2604 
   00637    1.0000   -2462.6196  0.2622 
   00638    1.0000   -2507.9485  0.2673 
   00639    1.0000   -2457.3407  0.2580 
   00640    1.0000   -2471.5701  0.2583 
   00641    1.0000   -2508.3662  0.2509 
   00642    1.0000   -2557.3966  0.2520 
   00643    1.0000   -2680.2516  0.2666 
   00644    1.0000   -2594.0248  0.2668 
   00645    1.0000   -2517.1798  0.2670 
   00646    1.0000   -2398.3117  0.2651 
   00647    1.0000   -2523.7058  0.2695 
   00648    1.0000   -2468.0552  0.2697 
   00649    1.0000   -2374.2893  0.2639 
   00650    1.0000   -2406.6291  0.2615 
   00651    1.0000   -2441.7760  0.2695 
   00652    1.0000   -2558.0373  0.2726 
   00653    1.0000   -2571.5105  0.2647 
   00654    0.0000   -2445.1663  0.2635 
   00655    1.0000   -2461.7809  0.2670 
   00656    1.0000   -2417.5332  0.2684 
   00657    1.0000   -2463.7049  0.2570 
   00658    1.0000   -2582.1771  0.2591 
   00659    1.0000   -2489.8285  0.2652 
   00660    1.0000   -2504.4797  0.2656 
   00661    1.0000   -2419.8811  0.2574 
   00662    1.0000   -2283.8343  0.2518 
   00663    1.0000   -2407.0343  0.2651 
   00664    1.0000   -2427.9345  0.2593 
   00665    1.0000   -2417.8019  0.2599 
   00666    1.0000   -2362.0720  0.2612 
   00667    1.0000   -2415.7160  0.2550 
   00668    1.0000   -2504.1701  0.2545 
   00669    1.0000   -2443.8972  0.2592 
   00670    1.0000   -2402.9065  0.2552 
   00671    1.0000   -2451.3186  0.2628 
   00672    1.0000   -2537.0580  0.2570 
   00673    1.0000   -2503.3447  0.2603 
   00674    1.0000   -2568.0429  0.2658 
   00675    1.0000   -2542.9131  0.2627 
   00676    1.0000   -2557.6812  0.2723 
   00677    1.0000   -2549.6345  0.2787 
   00678    1.0000   -2591.5595  0.2640 
   00679    1.0000   -2484.4186  0.2589 
   00680    1.0000   -2531.2038  0.2561 
   00681    1.0000   -2654.9935  0.2623 
   00682    1.0000   -2660.1571  0.2638 
   00683    1.0000   -2662.2850  0.2662 
   00684    1.0000   -2584.0234  0.2580 
   00685    1.0000   -2507.4762  0.2579 
   00686    1.0000   -2518.5341  0.2621 
   00687    1.0000   -2543.8317  0.2607 
   00688    1.0000   -2493.7562  0.2657 
   00689    1.0000   -2482.1263  0.2607 
   00690    1.0000   -2389.5330  0.2620 
   00691    1.0000   -2567.2618  0.2613 
   00692    1.0000   -2611.1121  0.2702 
   00693    1.0000   -2567.4699  0.2668 
   00694    1.0000   -2592.2752  0.2674 
   00695    1.0000   -2435.0477  0.2537 
   00696    1.0000   -2520.2624  0.2587 
   00697    1.0000   -2599.9161  0.2612 
   00698    1.0000   -2566.4683  0.2653 
   00699    1.0000   -2577.6205  0.2657 
   00700    1.0000   -2532.2391  0.2696 
   00701    1.0000   -2544.0615  0.2637 
   00702    1.0000   -2440.2162  0.2735 
   00703    1.0000   -2460.9594  0.2644 
   00704    1.0000   -2453.9629  0.2511 
   00705    1.0000   -2346.2815  0.2635 
   00706    1.0000   -2496.4116  0.2691 
   00707    1.0000   -2529.1907  0.2717 
   00708    1.0000   -2617.7346  0.2660 
   00709    1.0000   -2683.4968  0.2616 
   00710    1.0000   -2757.6153  0.2606 
   00711    1.0000   -2644.3017  0.2549 
   00712    1.0000   -2505.5565  0.2585 
   00713    1.0000   -2566.1004  0.2563 
   00714    1.0000   -2477.6383  0.2552 
   00715    1.0000   -2530.8436  0.2562 
   00716    1.0000   -2405.1158  0.2592 
   00717    1.0000   -2459.4533  0.2564 
   00718    1.0000   -2482.0249  0.2675 
   00719    1.0000   -2510.2553  0.2563 
   00720    1.0000   -2586.0928  0.2522 
   00721    1.0000   -2451.7599  0.2597 
   00722    1.0000   -2518.9229  0.2695 
   00723    1.0000   -2481.3702  0.2618 
   00724    1.0000   -2509.1367  0.2630 
   00725    1.0000   -2466.2069  0.2636 
   00726    1.0000   -2459.8939  0.2570 
   00727    1.0000   -2504.7117  0.2685 
   00728    1.0000   -2607.6023  0.2562 
   00729    1.0000   -2638.4220  0.2544 
   00730    1.0000   -2559.5972  0.2709 
   00731    1.0000   -2622.2687  0.2593 
   00732    1.0000   -2683.4611  0.2624 
   00733    1.0000   -2649.4079  0.2561 
   00734    1.0000   -2572.8644  0.2598 
   00735    1.0000   -2607.7233  0.2601 
   00736    0.0000   -2656.4521  0.2595 
   00737    0.0000   -2672.5649  0.2661 
   00738    1.0000   -2622.5634  0.2606 
   00739    1.0000   -2571.1177  0.2655 
   00740    1.0000   -2576.4803  0.2704 
   00741    1.0000   -2520.9697  0.2878 
   00742    0.0000   -2508.2272  0.2854 
   00743    1.0000   -2476.0042  0.2726 
   00744    1.0000   -2312.5376  0.2661 
   00745    1.0000   -2333.8590  0.2557 
   00746    1.0000   -2497.7427  0.2616 
   00747    1.0000   -2521.5173  0.2664 
   00748    1.0000   -2550.7239  0.2654 
   00749    1.0000   -2446.7679  0.2706 
   00750    1.0000   -2413.0700  0.2631 
   00751    1.0000   -2458.3172  0.2584 
   00752    1.0000   -2427.1333  0.2676 
   00753    1.0000   -2492.2648  0.2652 
   00754    1.0000   -2592.0520  0.2672 
   00755    1.0000   -2623.4091  0.2744 
   00756    1.0000   -2571.0773  0.2714 
   00757    1.0000   -2595.5526  0.2666 
   00758    1.0000   -2460.6676  0.2654 
   00759    1.0000   -2470.5617  0.2653 
   00760    1.0000   -2508.0016  0.2749 
   00761    1.0000   -2464.7128  0.2669 
   00762    1.0000   -2517.1847  0.2715 
   00763    1.0000   -2475.4317  0.2696 
   00764    1.0000   -2590.0698  0.2614 
   00765    1.0000   -2577.8153  0.2612 
   00766    1.0000   -2616.9763  0.2567 
   00767    1.0000   -2559.3603  0.2582 
   00768    1.0000   -2502.6362  0.2627 
   00769    1.0000   -2539.8084  0.2590 
   00770    1.0000   -2444.2559  0.2572 
   00771    1.0000   -2338.1152  0.2550 
   00772    0.0000   -2371.1031  0.2601 
   00773    0.0000   -2439.8341  0.2634 
   00774    1.0000   -2354.0708  0.2671 
   00775    1.0000   -2445.2306  0.2536 
   00776    1.0000   -2529.0115  0.2537 
   00777    1.0000   -2478.0702  0.2548 
   00778    1.0000   -2621.0539  0.2625 
   00779    1.0000   -2512.7200  0.2509 
   00780    1.0000   -2508.5094  0.2528 
   00781    1.0000   -2492.9113  0.2615 
   00782    1.0000   -2456.5858  0.2705 
   00783    1.0000   -2534.4529  0.2675 
   00784    1.0000   -2532.9249  0.2750 
   00785    1.0000   -2479.7289  0.2656 
   00786    1.0000   -2528.1838  0.2696 
   00787    1.0000   -2343.1821  0.2693 
   00788    1.0000   -2423.5048  0.2574 
   00789    1.0000   -2424.6593  0.2655 
   00790    1.0000   -2497.9972  0.2730 
   00791    1.0000   -2552.6961  0.2636 
   00792    1.0000   -2517.2950  0.2525 
   00793    1.0000   -2503.8274  0.2559 
   00794    0.0000   -2548.3957  0.2561 
   00795    1.0000   -2547.2593  0.2562 
   00796    1.0000   -2517.7946  0.2588 
   00797    1.0000   -2534.9682  0.2545 
   00798    0.0000   -2558.4010  0.2539 
   00799    1.0000   -2605.6288  0.2544 
   00800    1.0000   -2620.7861  0.2610 
   00801    1.0000   -2547.4512  0.2599 
   00802    1.0000   -2645.1251  0.2516 
   00803    1.0000   -2537.2519  0.2628 
   00804    1.0000   -2454.3668  0.2529 
   00805    1.0000   -2476.2024  0.2559 
   00806    1.0000   -2416.2122  0.2562 
   00807    1.0000   -2495.4542  0.2556 
   00808    1.0000   -2463.6159  0.2563 
   00809    1.0000   -2473.8815  0.2597 
   00810    1.0000   -2485.5645  0.2662 
   00811    1.0000   -2392.5629  0.2650 
   00812    1.0000   -2327.7713  0.2726 
   00813    1.0000   -2461.1580  0.2713 
   00814    1.0000   -2528.3164  0.2611 
   00815    1.0000   -2503.7080  0.2642 
   00816    1.0000   -2514.8850  0.2602 
   00817    1.0000   -2538.2997  0.2572 
   00818    1.0000   -2659.9261  0.2576 
   00819    1.0000   -2557.1239  0.2526 
   00820    1.0000   -2464.9019  0.2516 
   00821    1.0000   -2437.4353  0.2598 
   00822    1.0000   -2447.4022  0.2620 
   00823    1.0000   -2445.9762  0.2579 
   00824    1.0000   -2396.2710  0.2697 
   00825    1.0000   -2414.0009  0.2662 
   00826    1.0000   -2416.3402  0.2680 
   00827    1.0000   -2447.8008  0.2702 
   00828    1.0000   -2454.0298  0.2723 
   00829    1.0000   -2490.8900  0.2907 
   00830    1.0000   -2544.7998  0.2846 
   00831    1.0000   -2483.0061  0.2724 
   00832    1.0000   -2474.7320  0.2714 
   00833    1.0000   -2339.7374  0.2728 
   00834    1.0000   -2385.0621  0.2738 
   00835    1.0000   -2458.1091  0.2789 
   00836    1.0000   -2584.5827  0.2801 
   00837    1.0000   -2630.6451  0.2727 
   00838    1.0000   -2588.0189  0.2575 
   00839    1.0000   -2529.9800  0.2562 
   00840    1.0000   -2545.2509  0.2666 
   00841    1.0000   -2538.7256  0.2647 
   00842    1.0000   -2485.7021  0.2611 
   00843    1.0000   -2515.6504  0.2633 
   00844    1.0000   -2501.0671  0.2644 
   00845    1.0000   -2518.4568  0.2633 
   00846    1.0000   -2516.9687  0.2577 
   00847    1.0000   -2558.3903  0.2660 
   00848    1.0000   -2623.2511  0.2556 
   00849    1.0000   -2568.8779  0.2578 
   00850    1.0000   -2525.7640  0.2666 
   00851    1.0000   -2544.1277  0.2564 
   00852    1.0000   -2483.4379  0.2537 
   00853    1.0000   -2477.4833  0.2633 
   00854    1.0000   -2457.4396  0.2578 
   00855    1.0000   -2578.0849  0.2586 
   00856    1.0000   -2532.8732  0.2685 
   00857    1.0000   -2511.5101  0.2640 
   00858    1.0000   -2479.4249  0.2630 
   00859    1.0000   -2413.3895  0.2552 
   00860    1.0000   -2447.2898  0.2600 
   00861    1.0000   -2479.4973  0.2614 
   00862    1.0000   -2553.4175  0.2607 
   00863    1.0000   -2479.9483  0.2653 
   00864    1.0000   -2482.2738  0.2666 
   00865    1.0000   -2479.2900  0.2740 
   00866    1.0000   -2561.0585  0.2679 
   00867    1.0000   -2620.6072  0.2629 
   00868    1.0000   -2565.8491  0.2639 
   00869    1.0000   -2491.4102  0.2619 
   00870    1.0000   -2420.8861  0.2569 
   00871    1.0000   -2455.3515  0.2559 
   00872    1.0000   -2527.8836  0.2539 
   00873    1.0000   -2429.8832  0.2613 
   00874    1.0000   -2418.5133  0.2600 
   00875    1.0000   -2494.7802  0.2717 
   00876    1.0000   -2420.9850  0.2645 
   00877    1.0000   -2599.3756  0.2774 
   00878    1.0000   -2584.5460  0.2772 
   00879    1.0000   -2475.0714  0.2771 
   00880    1.0000   -2515.3760  0.2825 
   00881    1.0000   -2581.7050  0.2666 
   00882    1.0000   -2587.0657  0.2704 
   00883    1.0000   -2489.2176  0.2583 
   00884    1.0000   -2512.8150  0.2582 
   00885    1.0000   -2467.7261  0.2591 
   00886    1.0000   -2444.5608  0.2634 
   00887    1.0000   -2453.1384  0.2608 
   00888    1.0000   -2492.0297  0.2595 
   00889    1.0000   -2510.3695  0.2661 
   00890    1.0000   -2429.1809  0.2609 
   00891    1.0000   -2456.9544  0.2625 
   00892    1.0000   -2520.1338  0.2600 
   00893    1.0000   -2569.9679  0.2786 
   00894    1.0000   -2505.1421  0.2799 
   00895    1.0000   -2454.3645  0.2692 
   00896    1.0000   -2484.6802  0.2640 
   00897    1.0000   -2568.1645  0.2644 
   00898    1.0000   -2607.6821  0.2652 
   00899    1.0000   -2636.7315  0.2598 
   00900    1.0000   -2479.5768  0.2598 
   00901    1.0000   -2465.8793  0.2641 
   00902    1.0000   -2438.4344  0.2636 
   00903    1.0000   -2456.4578  0.2553 
   00904    1.0000   -2516.3115  0.2596 
   00905    1.0000   -2498.4921  0.2562 
   00906    1.0000   -2474.5797  0.2654 
   00907    1.0000   -2499.6412  0.2521 
   00908    1.0000   -2496.4576  0.2559 
   00909    1.0000   -2488.3337  0.2608 
   00910    1.0000   -2395.2891  0.2630 
   00911    1.0000   -2416.1143  0.2609 
   00912    1.0000   -2454.3993  0.2529 
   00913    1.0000   -2503.3936  0.2554 
   00914    1.0000   -2488.8218  0.2549 
   00915    1.0000   -2494.9513  0.2572 
   00916    1.0000   -2508.5692  0.2605 
   00917    1.0000   -2471.3785  0.2553 
   00918    1.0000   -2557.6352  0.2613 
   00919    1.0000   -2601.4842  0.2540 
   00920    1.0000   -2678.0780  0.2708 
   00921    0.0000   -2548.6182  0.2631 
   00922    1.0000   -2595.7883  0.2561 
   00923    1.0000   -2582.2186  0.2704 
   00924    1.0000   -2487.6103  0.2752 
   00925    1.0000   -2446.6992  0.2759 
   00926    1.0000   -2473.3534  0.2622 
   00927    1.0000   -2480.8313  0.2535 
   00928    1.0000   -2439.5837  0.2645 
   00929    1.0000   -2421.9263  0.2689 
   00930    1.0000   -2560.8928  0.2652 
   00931    1.0000   -2700.8752  0.2666 
   00932    1.0000   -2620.0607  0.2574 
   00933    1.0000   -2637.7790  0.2619 
   00934    1.0000   -2649.8105  0.2681 
   00935    1.0000   -2554.3342  0.2686 
   00936    1.0000   -2574.1233  0.2605 
   00937    1.0000   -2476.1341  0.2635 
   00938    1.0000   -2385.4286  0.2549 
   00939    1.0000   -2487.3834  0.2573 
   00940    1.0000   -2470.7661  0.2571 
   00941    1.0000   -2535.1912  0.2592 
   00942    1.0000   -2413.3507  0.2566 
   00943    1.0000   -2494.8259  0.2611 
   00944    1.0000   -2579.5198  0.2558 
   00945    1.0000   -2495.0343  0.2595 
   00946    1.0000   -2496.8617  0.2594 
   00947    1.0000   -2497.8305  0.2598 
   00948    1.0000   -2532.0456  0.2686 
   00949    0.0000   -2453.5751  0.2735 
   00950    1.0000   -2565.9152  0.2688 
   00951    1.0000   -2439.5033  0.2713 
   00952    1.0000   -2466.2497  0.2637 
   00953    1.0000   -2379.3597  0.2595 
   00954    1.0000   -2443.0760  0.2657 
   00955    1.0000   -2371.9575  0.2659 
   00956    1.0000   -2353.4654  0.2579 
   00957    1.0000   -2355.9220  0.2550 
   00958    1.0000   -2362.8110  0.2600 
   00959    1.0000   -2535.9513  0.2632 
   00960    1.0000   -2433.9741  0.2630 
   00961    1.0000   -2459.8732  0.2643 
   00962    1.0000   -2495.0360  0.2613 
   00963    1.0000   -2397.4957  0.2687 
   00964    1.0000   -2480.7311  0.2723 
   00965    1.0000   -2509.5681  0.2620 
   00966    1.0000   -2449.4756  0.2738 
   00967    1.0000   -2357.9227  0.2753 
   00968    1.0000   -2431.1701  0.2781 
   00969    1.0000   -2438.7775  0.2727 
   00970    1.0000   -2456.0599  0.2552 
   00971    1.0000   -2560.5609  0.2641 
   00972    1.0000   -2444.9505  0.2565 
   00973    1.0000   -2393.2264  0.2558 
   00974    1.0000   -2448.5877  0.2579 
   00975    1.0000   -2584.5935  0.2648 
   00976    1.0000   -2555.3252  0.2564 
   00977    1.0000   -2509.0496  0.2539 
   00978    1.0000   -2503.1964  0.2522 
   00979    1.0000   -2546.7290  0.2537 
   00980    1.0000   -2485.0332  0.2559 
   00981    1.0000   -2459.5082  0.2657 
   00982    0.0000   -2453.8668  0.2544 
   00983    1.0000   -2522.1520  0.2587 
   00984    1.0000   -2524.6431  0.2632 
   00985    1.0000   -2493.2769  0.2656 
   00986    1.0000   -2380.4945  0.2680 
   00987    1.0000   -2407.5306  0.2698 
   00988    1.0000   -2491.0562  0.2634 
   00989    1.0000   -2475.2215  0.2650 
   00990    1.0000   -2488.6132  0.2707 
   00991    1.0000   -2530.0701  0.2742 
   00992    1.0000   -2464.3536  0.2690 
   00993    1.0000   -2377.7383  0.2620 
   00994    1.0000   -2380.2580  0.2581 
   00995    1.0000   -2400.1320  0.2596 
   00996    1.0000   -2440.9613  0.2609 
   00997    1.0000   -2541.9300  0.2693 
   00998    1.0000   -2459.0686  0.2664 
   00999    1.0000   -2488.8452  0.2650 
   01000    1.0000   -2502.1167  0.2607 
