#=====================================================
# File created:        Thu-31-Oct-2024-at-02-25-28AM
# Size of lattice:     50x50
# Number of MC steps:  1000
# Reduced temperature: 0.500
# Run time (s):        0.833660
#=====================================================
# MC step:  Ratio:     Energy:   Order:
#=====================================================
   00000    0.5000   -2445.8178  0.2571 
   00001    1.0000   -2434.0999  0.2629 
   00002    1.0000   -2421.2283  0.2531 
   00003    1.0000   -2517.6518  0.2666 
   00004    1.0000   -2584.6395  0.2662 
   00005    1.0000   -2545.1797  0.2617 
   00006    1.0000   -2627.8052  0.2543 
   00007    1.0000   -2555.1480  0.2611 
   00008    1.0000   -2492.1769  0.2600 
   00009    1.0000   -2606.5184  0.2655 
   00010    1.0000   -2554.9471  0.2549 
   00011    1.0000   -2531.9237  0.2629 
   00012    1.0000   -2490.9801  0.2641 
   00013    1.0000   -2423.4782  0.2681 
   00014    1.0000   -2379.1704  0.2618 
   00015    1.0000   -2456.8447  0.2595 
   00016    1.0000   -2462.4177  0.2547 
   00017    1.0000   -2479.8808  0.2545 
   00018    1.0000   -2399.3497  0.2699 
   00019    1.0000   -2367.0277  0.2685 
   00020    1.0000   -2483.9440  0.2706 
   00021    1.0000   -2457.0586  0.2747 
   00022    1.0000   -2424.9879  0.2659 
   00023    1.0000   -2461.5862  0.2629 
   00024    1.0000   -2370.0713  0.2573 
   00025    1.0000   -2407.0025  0.2587 
   00026    1.0000   -2508.6561  0.2619 
   00027    1.0000   -2586.5468  0.2545 
   00028    1.0000   -2467.0618  0.2548 
   00029    1.0000   -2544.4366  0.2633 
   00030    1.0000   -2440.5721  0.2548 
   00031    1.0000   -2470.7860  0.2564 
   00032    1.0000   -2481.5658  0.2652 
   00033    1.0000   -2477.6548  0.2592 
   00034    1.0000   -2499.5850  0.2611 
   00035    1.0000   -2422.3067  0.2623 
   00036    1.0000   -2423.5465  0.2758 
   00037    1.0000   -2582.6756  0.2729 
   00038    1.0000   -2519.8333  0.2798 
   00039    1.0000   -2602.0702  0.2741 
   00040    1.0000   -2588.4753  0.2691 
   00041    1.0000   -2540.2014  0.2684 
   00042    1.0000   -2488.1161  0.2584 
   00043    1.0000   -2463.4627  0.2547 
   00044    1.0000   -2473.8509  0.2685 
   00045    1.0000   -2530.4408  0.2695 
   00046    1.0000   -2597.5548  0.2743 
   00047    1.0000   -2592.0867  0.2745 
   00048    1.0000   -2507.4410  0.2740 
   00049    1.0000   -2653.3175  0.2786 
   00050    1.0000   -2565.9611  0.2695 
   00051    1.0000   -2433.8564  0.2699 
   00052    1.0000   -2566.2212  0.2703 
   00053    1.0000   -2497.1302  0.2658 
   00054    1.0000   -2482.5606  0.2690 
   00055    1.0000   -2525.2629  0.2721 
   00056    1.0000   -2585.4417  0.2629 
   00057    1.0000   -2562.1950  0.2700 
   00058    1.0000   -2568.1517  0.2654 
   00059    1.0000   -2607.5108  0.2730 
   00060    1.0000   -2589.2607  0.2759 
   00061    1.0000   -2537.5355  0.2667 
   00062    1.0000   -2570.2382  0.2638 
   00063    1.0000   -2491.0761  0.2736 
   00064    1.0000   -2447.0257  0.2628 
   00065    1.0000   -2565.2908  0.2594 
   00066    1.0000   -2507.4741  0.2721 
   00067    1.0000   -2446.1982  0.2686 
   00068    1.0000   -2542.5948  0.2558 
   00069    1.0000   -2514.8210  0.2597 
   00070    0.0000   -2489.5460  0.2567 
   00071    1.0000   -2498.0816  0.2596 
   00072    1.0000   -2627.2542  0.2618 
   00073    1.0000   -2682.1646  0.2599 
   00074    1.0000   -2654.1552  0.2712 
   00075    1.0000   -2588.0341  0.2758 
   00076    1.0000   -2551.0376  0.2621 
   00077    1.0000   -2546.4447  0.2635 
   00078    1.0000   -2561.2943  0.2695 
   00079    1.0000   -2502.4117  0.2620 
   00080    1.0000   -2580.4409  0.2592 
   00081    1.0000   -2568.2926  0.2558 
   00082    1.0000   -2527.1877  0.2579 
   00083    1.0000   -2604.3212  0.2536 
   00084    1.0000   -2529.5467  0.2580 
   00085    1.0000   -2490.8869  0.2540 
   00086    1.0000   -2445.3081  0.2591 
   00087    1.0000   -2578.1688  0.2576 
   00088    1.0000   -2625.5148  0.2539 
   00089    1.0000   -2576.9394  0.2592 
   00090    1.0000   -2554.4734  0.2576 
   00091    1.0000   -2487.3755  0.2691 
   00092    1.0000   -2548.5763  0.2630 
   00093    1.0000   -2550.1311  0.2642 
   00094    1.0000   -2561.2816  0.2537 
   00095    1.0000   -2560.9753  0.2585 
   00096    1.0000   -2547.1995  0.2722 
   00097    1.0000   -2606.0252  0.2720 
   00098    1.0000   -2640.0633  0.2592 
   00099    1.0000   -2535.7678  0.2533 
   00100    1.0000   -2521.5208  0.2569 
   00101    1.0000   -2520.1985  0.2571 
   00102    1.0000   -2551.4938  0.2565 
   00103    1.0000   -2635.1770  0.2590 
   00104    1.0000   -2482.8432  0.2657 
   00105    1.0000   -2447.3787  0.2693 
   00106    1.0000   -2502.6670  0.2635 
   00107    1.0000   -2522.5187  0.2625 
   00108    1.0000   -2598.8093  0.2684 
   00109    1.0000   -2483.5300  0.2615 
   00110    1.0000   -2503.4829  0.2651 
   00111    1.0000   -2437.3636  0.2802 
   00112    1.0000   -2380.3206  0.2724 
   00113    1.0000   -2430.8649  0.2666 
   00114    1.0000   -2425.3372  0.2582 
   00115    1.0000   -2389.1519  0.2531 
   00116    1.0000   -2440.1653  0.2612 
   00117    1.0000   -2431.7917  0.2677 
   00118    1.0000   -2430.0510  0.2676 
   00119    1.0000   -2561.0395  0.2823 
   00120    1.0000   -2525.8884  0.2844 
   00121    1.0000   -2507.0097  0.2767 
   00122    1.0000   -2500.3410  0.2689 
   00123    1.0000   -2575.9105  0.2698 
   00124    1.0000   -2601.3662  0.2584 
   00125    1.0000   -2654.4991  0.2622 
   00126    1.0000   -2568.6483  0.2734 
   00127    1.0000   -2646.5236  0.2688 
   00128    1.0000   -2628.3048  0.2635 
   00129    1.0000   -2565.1783  0.2620 
   00130    1.0000   -2572.4422  0.2590 
   00131    1.0000   -2487.4820  0.2694 
   00132    1.0000   -2626.5228  0.2726 
   00133    1.0000   -2612.6264  0.2790 
   00134    1.0000   -2488.1516  0.2715 
   00135    1.0000   -2538.1234  0.2641 
   00136    1.0000   -2559.9591  0.2585 
   00137    1.0000   -2515.9203  0.2546 
   00138    1.0000   -2521.4905  0.2575 
   00139    1.0000   -2483.7737  0.2564 
   00140    1.0000   -2475.6501  0.2583 
   00141    1.0000   -2438.3051  0.2590 
   00142    1.0000   -2452.5422  0.2577 
   00143    1.0000   -2404.1003  0.2707 
   00144    1.0000   -2410.6350  0.2612 
   00145    1.0000   -2521.7529  0.2649 
   00146    1.0000   -2464.5828  0.2649 
   00147    1.0000   -2434.3943  0.2563 
   00148    1.0000   -2597.4177  0.2569 
   00149    1.0000   -2528.6026  0.2575 
   00150    1.0000   -2490.4944  0.2578 
   00151    1.0000   -2471.0221  0.2631 
   00152    1.0000   -2515.8526  0.2627 
   00153    1.0000   -2537.1470  0.2582 
   00154    1.0000   -2522.5158  0.2577 
   00155    1.0000   -2425.1875  0.2554 
   00156    1.0000   -2387.5275  0.2685 
   00157    1.0000   -2465.8990  0.2643 
   00158    1.0000   -2514.5768  0.2543 
   00159    1.0000   -2471.7955  0.2551 
   00160    1.0000   -2479.3568  0.2558 
   00161    1.0000   -2495.8608  0.2600 
   00162    1.0000   -2541.2050  0.2555 
   00163    1.0000   -2473.0056  0.2566 
   00164    1.0000   -2556.2687  0.2570 
   00165    1.0000   -2463.9209  0.2667 
   00166    1.0000   -2590.5254  0.2707 
   00167    1.0000   -2611.1252  0.2565 
   00168    1.0000   -2463.2934  0.2590 
   00169    1.0000   -2604.5554  0.2579 
   00170    1.0000   -2661.6108  0.2512 
   00171    1.0000   -2551.7862  0.2538 
   00172    1.0000   -2557.9229  0.2588 
   00173    1.0000   -2637.0554  0.2625 
   00174    1.0000   -2565.3819  0.2602 
   00175    1.0000   -2558.6986  0.2593 
   00176    1.0000   -2414.5931  0.2604 
   00177    1.0000   -2479.1855  0.2585 
   00178    1.0000   -2514.8314  0.2602 
   00179    1.0000   -2510.8683  0.2601 
   00180    1.0000   -2574.7917  0.2656 
   00181    1.0000   -2510.1949  0.2608 
   00182    1.0000   -2506.5630  0.2805 
   00183    1.0000   -2535.0819  0.2692 
   00184    1.0000   -2517.6965  0.2690 
   00185    1.0000   -2551.4328  0.2836 
   00186    1.0000   -2584.5089  0.2852 
   00187    1.0000   -2537.5457  0.2682 
   00188    1.0000   -2471.7507  0.2742 
   00189    1.0000   -2456.7644  0.2666 
   00190    1.0000   -2358.6804  0.2724 
   00191    1.0000   -2393.6461  0.2768 
   00192    1.0000   -2433.9537  0.2863 
   00193    1.0000   -2466.3939  0.2846 
   00194    1.0000   -2438.2767  0.2771 
   00195    1.0000   -2434.2379  0.2673 
   00196    1.0000   -2402.3070  0.2734 
   00197    1.0000   -2371.4512  0.2746 
   00198    1.0000   -2426.7853  0.2757 
   00199    1.0000   -2472.9049  0.2638 
   00200    1.0000   -2360.0254  0.2619 
   00201    1.0000   -2425.7007  0.2640 
   00202    1.0000   -2312.3327  0.2577 
   00203    1.0000   -2322.8208  0.2626 
   00204    1.0000   -2451.0756  0.2652 
   00205    1.0000   -2584.9791  0.2613 
   00206    1.0000   -2635.0731  0.2610 
   00207    1.0000   -2582.1226  0.2630 
   00208    1.0000   -2548.0830  0.2680 
   00209    1.0000   -2504.0416  0.2706 
   00210    1.0000   -2612.3501  0.2851 
   00211    1.0000   -2635.9787  0.2908 
   00212    1.0000   -2538.5785  0.2768 
   00213    1.0000   -2515.9058  0.2622 
   00214    1.0000   -2493.8748  0.2584 
   00215    1.0000   -2393.9003  0.2558 
   00216    1.0000   -2419.4155  0.2619 
   00217    1.0000   -2443.7916  0.2676 
   00218    1.0000   -2473.2978  0.2654 
   00219    1.0000   -2492.8988  0.2660 
   00220    1.0000   -2523.6286  0.2744 
   00221    0.0000   -2503.4460  0.2674 
   00222    1.0000   -2538.7038  0.2625 
   00223    1.0000   -2504.1078  0.2625 
   00224    1.0000   -2564.3767  0.2659 
   00225    1.0000   -2718.7609  0.2590 
   00226    1.0000   -2688.5756  0.2599 
   00227    1.0000   -2789.1689  0.2558 
   00228    1.0000   -2640.8900  0.2564 
   00229    1.0000   -2650.0832  0.2676 
   00230    1.0000   -2527.4214  0.2611 
   00231    1.0000   -2519.0291  0.2562 
   00232    1.0000   -2561.8212  0.2664 
   00233    1.0000   -2552.9980  0.2615 
   00234    1.0000   -2576.3992  0.2612 
   00235    1.0000   -2558.0777  0.2647 
   00236    1.0000   -2418.0230  0.2575 
   00237    1.0000   -2490.3992  0.2624 
   00238    1.0000   -2430.7894  0.2739 
   00239    1.0000   -2412.0767  0.2635 
   00240    1.0000   -2525.6591  0.2626 
   00241    1.0000   -2494.0298  0.2665 
   00242    1.0000   -2516.8470  0.2573 
   00243    1.0000   -2380.4154  0.2598 
   00244    1.0000   -2379.8697  0.2550 
   00245    1.0000   -2414.6829  0.2593 
   00246    0.0000   -2459.1586  0.2602 
   00247    1.0000   -2432.4615  0.2581 
   00248    0.0000   -2431.1679  0.2650 
   00249    1.0000   -2549.2449  0.2571 
   00250    1.0000   -2495.1059  0.2640 
   00251    1.0000   -2505.5030  0.2620 
   00252    1.0000   -2461.1649  0.2582 
   00253    1.0000   -2404.4904  0.2543 
   00254    1.0000   -2433.2950  0.2612 
   00255    1.0000   -2400.6103  0.2602 
   00256    1.0000   -2406.0722  0.2586 
   00257    1.0000   -2442.5086  0.2613 
   00258    0.0000   -2484.5620  0.2673 
   00259    1.0000   -2531.0063  0.2685 
   00260    1.0000   -2590.1418  0.2703 
   00261    1.0000   -2542.8364  0.2712 
   00262    1.0000   -2526.7921  0.2605 
   00263    1.0000   -2602.1138  0.2639 
   00264    1.0000   -2583.5456  0.2636 
   00265    1.0000   -2579.8136  0.2588 
   00266    1.0000   -2445.9193  0.2616 
   00267    1.0000   -2381.0979  0.2648 
   00268    1.0000   -2471.8209  0.2589 
   00269    1.0000   -2487.0163  0.2649 
   00270    1.0000   -2453.7381  0.2704 
   00271    1.0000   -2509.5385  0.2641 
   00272    1.0000   -2501.1197  0.2598 
   00273    1.0000   -2489.2519  0.2612 
   00274    1.0000   -2523.5815  0.2620 
   00275    1.0000   -2408.0547  0.2600 
   00276    1.0000   -2418.9699  0.2647 
   00277    1.0000   -2460.6164  0.2711 
   00278    1.0000   -2471.4316  0.2721 
   00279    1.0000   -2490.8722  0.2648 
   00280    1.0000   -2427.2577  0.2621 
   00281    1.0000   -2447.4090  0.2729 
   00282    1.0000   -2342.5541  0.2742 
   00283    1.0000   -2489.8101  0.2664 
   00284    1.0000   -2436.1124  0.2617 
   00285    1.0000   -2373.5121  0.2608 
   00286    1.0000   -2403.7341  0.2639 
   00287    1.0000   -2459.2468  0.2704 
   00288    1.0000   -2540.0003  0.2766 
   00289    1.0000   -2570.3425  0.2684 
   00290    1.0000   -2483.1654  0.2731 
   00291    1.0000   -2472.4382  0.2860 
   00292    1.0000   -2422.6256  0.2812 
   00293    1.0000   -2387.1911  0.2817 
   00294    1.0000   -2491.1197  0.2772 
   00295    1.0000   -2431.0508  0.2674 
   00296    1.0000   -2466.8616  0.2624 
   00297    1.0000   -2532.5392  0.2616 
   00298    1.0000   -2532.4001  0.2579 
   00299    1.0000   -2498.8060  0.2616 
   00300    1.0000   -2503.1558  0.2700 
   00301    1.0000   -2524.0948  0.2748 
   00302    1.0000   -2496.5471  0.2741 
   00303    1.0000   -2497.5169  0.2746 
   00304    1.0000   -2464.7257  0.2730 
   00305    1.0000   -2403.8280  0.2727 
   00306    1.0000   -2512.6191  0.2766 
   00307    1.0000   -2516.2733  0.2735 
   00308    1.0000   -2432.9207  0.2710 
   00309    1.0000   -2444.9732  0.2597 
   00310    1.0000   -2587.3731  0.2579 
   00311    1.0000   -2476.8404  0.2572 
   00312    1.0000   -2592.9462  0.2669 
   00313    1.0000   -2583.9944  0.2676 
   00314    1.0000   -2499.7720  0.2709 
   00315    1.0000   -2448.2390  0.2593 
   00316    1.0000   -2409.0974  0.2575 
   00317    1.0000   -2420.7035  0.2635 
   00318    1.0000   -2405.0559  0.2615 
   00319    1.0000   -2461.2989  0.2629 
   00320    1.0000   -2383.5707  0.2681 
   00321    1.0000   -2449.0378  0.2535 
   00322    1.0000   -2514.2189  0.2575 
   00323    1.0000   -2590.1004  0.2602 
   00324    1.0000   -2513.3210  0.2716 
   00325    1.0000   -2419.7799  0.2724 
   00326    1.0000   -2477.9517  0.2655 
   00327    1.0000   -2571.6503  0.2656 
   00328    1.0000   -2673.7083  0.2627 
   00329    1.0000   -2512.8311  0.2594 
   00330    1.0000   -2499.3261  0.2630 
   00331    1.0000   -2466.9103  0.2676 
   00332    1.0000   -2501.5629  0.2733 
   00333    1.0000   -2458.7966  0.2762 
   00334    0.0000   -2515.6664  0.2762 
   00335    1.0000   -2453.1585  0.2756 
   00336    1.0000   -2473.4010  0.2759 
   00337    1.0000   -2483.7485  0.2791 
   00338    1.0000   -2539.1540  0.2792 
   00339    1.0000   -2474.1220  0.2739 
   00340    1.0000   -2582.0751  0.2741 
   00341    1.0000   -2477.4804  0.2685 
   00342    1.0000   -2510.4945  0.2626 
   00343    1.0000   -2531.3945  0.2700 
   00344    1.0000   -2489.7912  0.2549 
   00345    1.0000   -2550.6064  0.2545 
   00346    1.0000   -2541.7208  0.2565 
   00347    1.0000   -2526.5932  0.2689 
   00348    1.0000   -2519.8959  0.2628 
   00349    1.0000   -2608.6168  0.2653 
   00350    1.0000   -2542.9387  0.2727 
   00351    1.0000   -2547.2698  0.2710 
   00352    1.0000   -2448.8906  0.2617 
   00353    1.0000   -2467.4498  0.2563 
   00354    1.0000   -2539.4748  0.2532 
   00355    1.0000   -2555.5788  0.2569 
   00356    1.0000   -2596.5560  0.2540 
   00357    1.0000   -2581.3922  0.2565 
   00358    1.0000   -2540.7931  0.2555 
   00359    1.0000   -2588.4257  0.2586 
   00360    1.0000   -2509.5558  0.2515 
   00361    1.0000   -2554.5719  0.2573 
   00362    1.0000   -2621.1928  0.2625 
   00363    1.0000   -2526.7705  0.2526 
   00364    1.0000   -2613.1974  0.2553 
   00365    1.0000   -2585.7451  0.2630 
   00366    1.0000   -2538.0832  0.2577 
   00367    1.0000   -2459.8263  0.2592 
   00368    1.0000   -2562.4852  0.2635 
   00369    1.0000   -2606.6286  0.2599 
   00370    1.0000   -2658.7507  0.2693 
   00371    1.0000   -2605.9143  0.2622 
   00372    1.0000   -2544.7943  0.2558 
   00373    1.0000   -2590.6786  0.2591 
   00374    1.0000   -2568.8975  0.2571 
   00375    1.0000   -2575.5123  0.2664 
   00376    1.0000   -2593.2948  0.2586 
   00377    1.0000   -2612.1293  0.2672 
   00378    1.0000   -2661.0683  0.2748 
   00379    1.0000   -2631.3826  0.2791 
   00380    1.0000   -2520.0962  0.2728 
   00381    1.0000   -2523.2222  0.2591 
   00382    1.0000   -2532.4263  0.2604 
   00383    1.0000   -2429.9447  0.2587 
   00384    1.0000   -2459.8513  0.2591 
   00385    1.0000   -2509.3906  0.2658 
   00386    1.0000   -2635.1820  0.2709 
   00387    1.0000   -2579.9632  0.2637 
   00388    1.0000   -2528.8074  0.2652 
   00389    1.0000   -2518.4909  0.2625 
   00390    1.0000   -2564.9403  0.2569 
   00391    1.0000   -2596.7870  0.2525 
   00392    1.0000   -2604.6326  0.2604 
   00393    1.0000   -2575.7933  0.2589 
   00394    1.0000   -2576.3512  0.2589 
   00395    1.0000   -2540.1376  0.2512 
   00396    1.0000   -2514.0974  0.2714 
   00397    1.0000   -2518.4399  0.2818 
   00398    0.0000   -2476.7067  0.2813 
   00399    1.0000   -2555.3758  0.2733 
   00400    1.0000   -2551.6546  0.2735 
   00401    1.0000   -2487.9353  0.2766 
   00402    1.0000   -2485.5681  0.2784 
   00403    1.0000   -2444.4383  0.2786 
   00404    1.0000   -2511.4354  0.2823 
   00405    1.0000   -2432.2334  0.2792 
   00406    1.0000   -2402.5090  0.2762 
   00407    1.0000   -2472.6915  0.2791 
   00408    1.0000   -2612.9529  0.2851 
   00409    1.0000   -2525.2252  0.2833 
   00410    1.0000   -2622.3811  0.2654 
   00411    1.0000   -2575.1034  0.2671 
   00412    1.0000   -2544.5508  0.2593 
   00413    1.0000   -2415.9666  0.2563 
   00414    0.0000   -2458.5383  0.2569 
   00415    1.0000   -2557.7907  0.2640 
   00416    1.0000   -2532.1568  0.2585 
   00417    1.0000   -2486.1181  0.2520 
   00418    1.0000   -2395.6684  0.2529 
   00419    0.0000   -2380.5120  0.2555 
   00420    1.0000   -2383.6233  0.2554 
   00421    1.0000   -2441.8783  0.2530 
   00422    1.0000   -2414.7768  0.2572 
   00423    1.0000   -2281.2446  0.2665 
   00424    1.0000   -2347.1377  0.2662 
   00425    1.0000   -2337.3218  0.2542 
   00426    1.0000   -2412.2972  0.2641 
   00427    0.0000   -2371.1367  0.2624 
   00428    0.0000   -2319.3677  0.2583 
   00429    1.0000   -2485.0248  0.2607 
   00430    1.0000   -2540.7641  0.2580 
   00431    1.0000   -2565.8994  0.2546 
   00432    1.0000   -2536.0604  0.2619 
   00433    1.0000   -2472.2497  0.2625 
   00434    1.0000   -2485.8198  0.2573 
   00435    1.0000   -2546.6043  0.2614 
   00436    1.0000   -2536.1880  0.2665 
   00437    0.0000   -2439.3243  0.2703 
   00438    1.0000   -2525.9011  0.2763 
   00439    1.0000   -2466.3070  0.2765 
   00440    1.0000   -2353.6584  0.2739 
   00441    1.0000   -2484.6360  0.2713 
   00442    1.0000   -2474.6701  0.2755 
   00443    0.0000   -2346.2645  0.2649 
   00444    0.0000   -2253.2945  0.2673 
   00445    0.0000   -2279.8018  0.2602 
   00446    1.0000   -2428.6426  0.2607 
   00447    0.0000   -2398.6159  0.2718 
   00448    0.0000   -2362.5908  0.2637 
   00449    1.0000   -2440.8343  0.2552 
   00450    1.0000   -2402.1141  0.2574 
   00451    1.0000   -2493.3548  0.2535 
   00452    1.0000   -2488.2689  0.2577 
   00453    1.0000   -2567.1303  0.2581 
   00454    1.0000   -2528.1659  0.2680 
   00455    0.0000   -2523.0988  0.2604 
   00456    1.0000   -2557.2466  0.2564 
   00457    0.0000   -2569.5728  0.2570 
   00458    0.0000   -2570.7257  0.2622 
   00459    0.0000   -2566.9427  0.2622 
   00460    0.0000   -2468.6419  0.2673 
   00461    1.0000   -2404.0380  0.2616 
   00462    1.0000   -2403.4531  0.2678 
   00463    1.0000   -2505.1295  0.2728 
   00464    1.0000   -2520.2718  0.2666 
   00465    1.0000   -2527.6424  0.2734 
   00466    1.0000   -2570.3062  0.2692 
   00467    0.0000   -2565.4299  0.2587 
   00468    1.0000   -2613.7413  0.2665 
   00469    1.0000   -2489.4087  0.2592 
   00470    1.0000   -2560.2217  0.2627 
   00471    0.0000   -2490.4178  0.2576 
   00472    1.0000   -2389.0964  0.2629 
   00473    1.0000   -2307.9211  0.2554 
   00474    1.0000   -2299.3525  0.2551 
   00475    1.0000   -2449.2437  0.2579 
   00476    1.0000   -2489.4156  0.2557 
   00477    1.0000   -2564.8400  0.2518 
   00478    1.0000   -2494.8890  0.2632 
   00479    1.0000   -2567.6022  0.2542 
   00480    1.0000   -2463.5149  0.2616 
   00481    0.0000   -2434.3077  0.2528 
   00482    1.0000   -2497.4351  0.2535 
   00483    0.0000   -2518.7462  0.2557 
   00484    1.0000   -2513.8901  0.2568 
   00485    1.0000   -2433.1334  0.2524 
   00486    0.0000   -2521.8635  0.2565 
   00487    1.0000   -2496.8325  0.2605 
   00488    1.0000   -2549.7192  0.2663 
   00489    1.0000   -2455.0304  0.2672 
   00490    1.0000   -2388.4561  0.2519 
   00491    1.0000   -2478.4438  0.2620 
   00492    1.0000   -2517.6413  0.2632 
   00493    1.0000   -2441.6699  0.2604 
   00494    1.0000   -2504.1691  0.2541 
   00495    1.0000   -2599.8051  0.2533 
   00496    1.0000   -2597.1828  0.2616 
   00497    1.0000   -2607.3754  0.2640 
   00498    0.0000   -2579.0300  0.2733 
   00499    1.0000   -2680.6500  0.2836 
   00500    1.0000   -2576.4272  0.2723 
   00501    1.0000   -2537.1561  0.2682 
   00502    1.0000   -2525.4673  0.2617 
   00503    1.0000   -2475.0564  0.2572 
   00504    1.0000   -2473.9328  0.2659 
   00505    1.0000   -2544.8695  0.2658 
   00506    1.0000   -2558.1298  0.2705 
   00507    1.0000   -2573.1248  0.2516 
   00508    1.0000   -2526.6574  0.2595 
   00509    1.0000   -2606.6044  0.2574 
   00510    0.0000   -2588.0131  0.2529 
   00511    1.0000   -2594.8524  0.2590 
   00512    1.0000   -2544.2149  0.2711 
   00513    1.0000   -2542.5319  0.2715 
   00514    1.0000   -2457.5348  0.2678 
   00515    1.0000   -2504.9013  0.2747 
   00516    1.0000   -2521.8404  0.2708 
   00517    1.0000   -2506.9657  0.2711 
   00518    1.0000   -2433.8000  0.2731 
   00519    1.0000   -2494.5787  0.2752 
   00520    1.0000   -2505.1194  0.2810 
   00521    1.0000   -2513.2560  0.2703 
   00522    1.0000   -2510.0264  0.2709 
   00523    1.0000   -2505.5317  0.2592 
   00524    1.0000   -2457.1228  0.2569 
   00525    0.0000   -2484.8713  0.2642 
   00526    1.0000   -2409.4036  0.2704 
   00527    1.0000   -2376.4583  0.2599 
   00528    1.0000   -2475.9459  0.2681 
   00529    1.0000   -2462.9713  0.2669 
   00530    1.0000   -2442.3526  0.2666 
   00531    1.0000   -2423.5192  0.2577 
   00532    1.0000   -2334.2075  0.2527 
   00533    1.0000   -2323.4446  0.2573 
   00534    1.0000   -2440.1915  0.2567 
   00535    0.0000   -2490.1686  0.2645 
   00536    1.0000   -2507.3740  0.2596 
   00537    1.0000   -2486.8500  0.2586 
   00538    1.0000   -2526.4345  0.2645 
   00539    1.0000   -2515.4334  0.2721 
   00540    1.0000   -2540.6311  0.2562 
   00541    1.0000   -2580.9715  0.2648 
   00542    1.0000   -2570.9656  0.2662 
   00543    1.0000   -2524.0789  0.2540 
   00544    1.0000   -2514.2303  0.2653 
   00545    1.0000   -2483.3081  0.2663 
   00546    1.0000   -2541.5201  0.2615 
   00547    1.0000   -2623.4636  0.2597 
   00548    1.0000   -2548.2509  0.2590 
   00549    1.0000   -2427.0411  0.2645 
   00550    1.0000   -2398.3671  0.2734 
   00551    1.0000   -2503.9223  0.2773 
   00552    0.0000   -2422.8624  0.2674 
   00553    1.0000   -2416.5816  0.2730 
   00554    1.0000   -2354.0187  0.2795 
   00555    0.0000   -2303.7239  0.2774 
   00556    1.0000   -2294.3492  0.2588 
   00557    0.0000   -2442.2017  0.2600 
   00558    1.0000   -2414.4487  0.2586 
   00559    1.0000   -2380.3970  0.2598 
   00560    1.0000   -2543.9705  0.2692 
   00561    1.0000   -2526.3198  0.2653 
   00562    1.0000   -2502.9550  0.2524 
   00563    1.0000   -2542.8740  0.2547 
   00564    1.0000   -2425.8662  0.2600 
   00565    1.0000   -2498.6871  0.2697 
   00566    1.0000   -2444.1367  0.2665 
   00567    1.0000   -2408.4188  0.2659 
   00568    1.0000   -2373.3793  0.2635 
   00569    1.0000   -2541.8084  0.2596 
   00570    1.0000   -2636.9833  0.2657 
   00571    1.0000   -2566.4318  0.2555 
   00572    1.0000   -2525.6806  0.2534 
   00573    1.0000   -2457.1497  0.2640 
   00574    1.0000   -2371.9771  0.2620 
   00575    1.0000   -2360.8733  0.2601 
   00576    1.0000   -2440.9683  0.2657 
   00577    1.0000   -2494.9648  0.2593 
   00578    1.0000   -2460.4985  0.2663 
   00579    0.0000   -2593.0913  0.2643 
   00580    0.0000   -2617.8354  0.2654 
   00581    1.0000   -2545.5840  0.2642 
   00582    1.0000   -2557.5454  0.2622 
   00583    1.0000   -2425.3142  0.2624 
   00584    1.0000   -2419.5301  0.2653 
   00585    1.0000   -2562.7651  0.2728 
   00586    1.0000   -2507.8532  0.2597 
   00587    1.0000   -2485.0236  0.2515 
   00588    1.0000   -2388.5755  0.2546 
   00589    1.0000   -2412.8696  0.2548 
   00590    0.0000   -2450.7782  0.2563 
   00591    1.0000   -2358.5937  0.2642 
   00592    1.0000   -2320.1139  0.2541 
   00593    0.0000   -2427.2763  0.2577 
   00594    1.0000   -2488.5515  0.2596 
   00595    1.0000   -2531.7925  0.2583 
   00596    1.0000   -2438.5307  0.2617 
   00597    1.0000   -2503.3453  0.2753 
   00598    1.0000   -2467.1152  0.2632 
   00599    1.0000   -2465.0182  0.2626 
   00600    1.0000   -2357.1343  0.2571 
   00601    1.0000   -2445.6881  0.2543 
   00602    1.0000   -2459.3159  0.2644 
   00603    0.0000   -2462.4060  0.2598 
   00604    1.0000   -2495.9420  0.2695 
   00605    1.0000   -2508.3156  0.2647 
   00606    1.0000   -2579.0039  0.2747 
   00607    1.0000   -2512.7626  0.2628 
   00608    1.0000   -2512.7949  0.2690 
   00609    1.0000   -2471.1525  0.2605 
   00610    1.0000   -2410.7551  0.2673 
   00611    1.0000   -2424.2067  0.2567 
   00612    1.0000   -2365.5880  0.2656 
   00613    1.0000   -2453.1868  0.2601 
   00614    1.0000   -2470.2066  0.2610 
   00615    1.0000   -2522.6466  0.2549 
   00616    1.0000   -2522.7467  0.2627 
   00617    1.0000   -2564.8480  0.2692 
   00618    1.0000   -2607.2441  0.2712 
   00619    1.0000   -2571.9462  0.2679 
   00620    1.0000   -2435.6372  0.2668 
   00621    1.0000   -2461.2767  0.2576 
   00622    1.0000   -2506.2109  0.2558 
   00623    1.0000   -2455.0440  0.2641 
   00624    1.0000   -2390.8677  0.2680 
   00625    1.0000   -2445.0600  0.2673 
   00626    1.0000   -2446.0996  0.2684 
   00627    1.0000   -2502.8478  0.2668 
   00628    1.0000   -2633.1624  0.2673 
   00629    1.0000   -2561.7894  0.2669 
   00630    1.0000   -2487.7340  0.2563 
   00631    1.0000   -2587.9475  0.2647 
   00632    1.0000   -2531.9049  0.2615 
   00633    1.0000   -2516.8789  0.2553 
   00634    1.0000   -2529.4916  0.2710 
   00635    1.0000   -2592.6717  0.2735 
   00636    0.0000   -2525.0362  0.2706 
   00637    1.0000   -2502.0420  0.2636 
   00638    1.0000   -2506.0951  0.2523 
   00639    1.0000   -2511.4667  0.2601 
   00640    1.0000   -2512.6739  0.2717 
   00641    1.0000   -2499.1328  0.2625 
   00642    1.0000   -2548.1418  0.2642 
   00643    1.0000   -2526.2243  0.2505 
   00644    1.0000   -2584.0490  0.2536 
   00645    1.0000   -2610.5393  0.2549 
   00646    1.0000   -2493.4953  0.2560 
   00647    0.0000   -2458.7592  0.2716 
   00648    1.0000   -2452.7296  0.2703 
   00649    1.0000   -2487.0177  0.2750 
   00650    1.0000   -2511.1672  0.2592 
   00651    1.0000   -2506.5957  0.2550 
   00652    1.0000   -2458.4942  0.2524 
   00653    1.0000   -2437.7400  0.2643 
   00654    1.0000   -2515.4079  0.2617 
   00655    1.0000   -2525.5031  0.2593 
   00656    1.0000   -2604.8111  0.2667 
   00657    1.0000   -2514.3221  0.2686 
   00658    1.0000   -2576.6536  0.2663 
   00659    1.0000   -2623.3672  0.2638 
   00660    1.0000   -2540.9169  0.2529 
   00661    1.0000   -2450.5361  0.2538 
   00662    1.0000   -2492.3719  0.2580 
   00663    1.0000   -2458.1211  0.2687 
   00664    1.0000   -2481.2295  0.2710 
   00665    1.0000   -2545.7368  0.2733 
   00666    1.0000   -2548.7936  0.2741 
   00667    1.0000   -2558.1003  0.2689 
   00668    1.0000   -2479.6023  0.2748 
   00669    1.0000   -2458.6247  0.2684 
   00670    1.0000   -2471.4830  0.2554 
   00671    1.0000   -2448.1395  0.2619 
   00672    1.0000   -2512.4168  0.2690 
   00673    1.0000   -2518.0093  0.2649 
   00674    1.0000   -2542.2973  0.2647 
   00675    1.0000   -2469.5059  0.2651 
   00676    1.0000   -2490.1493  0.2653 
   00677    1.0000   -2471.6529  0.2741 
   00678    1.0000   -2418.6685  0.2613 
   00679    1.0000   -2409.8184  0.2712 
   00680    1.0000   -2503.9191  0.2673 
   00681    1.0000   -2613.3065  0.2642 
   00682    1.0000   -2644.1770  0.2715 
   00683    1.0000   -2664.3953  0.2749 
   00684    1.0000   -2691.8062  0.2619 
   00685    1.0000   -2726.9808  0.2683 
   00686    1.0000   -2580.4362  0.2540 
   00687    1.0000   -2545.3933  0.2540 
   00688    1.0000   -2494.8849  0.2562 
   00689    1.0000   -2451.6844  0.2574 
   00690    1.0000   -2483.3802  0.2574 
   00691    1.0000   -2515.7044  0.2712 
   00692    1.0000   -2573.5814  0.2778 
   00693    1.0000   -2585.9331  0.2726 
   00694    0.0000   -2637.5231  0.2681 
   00695    1.0000   -2619.8261  0.2611 
   00696    1.0000   -2586.8300  0.2609 
   00697    1.0000   -2480.4788  0.2628 
   00698    1.0000   -2573.5946  0.2697 
   00699    1.0000   -2563.6321  0.2731 
   00700    1.0000   -2520.4512  0.2798 
   00701    1.0000   -2404.2669  0.2718 
   00702    1.0000   -2606.9760  0.2635 
   00703    1.0000   -2570.0453  0.2651 
   00704    1.0000   -2527.0300  0.2678 
   00705    1.0000   -2522.8155  0.2605 
   00706    1.0000   -2566.1273  0.2583 
   00707    1.0000   -2611.1593  0.2594 
   00708    1.0000   -2453.4046  0.2662 
   00709    1.0000   -2388.1622  0.2565 
   00710    1.0000   -2453.8607  0.2663 
   00711    1.0000   -2502.8636  0.2622 
   00712    1.0000   -2483.9102  0.2703 
   00713    1.0000   -2456.5079  0.2714 
   00714    1.0000   -2477.2920  0.2653 
   00715    1.0000   -2478.6732  0.2706 
   00716    1.0000   -2582.1587  0.2574 
   00717    1.0000   -2612.3688  0.2617 
   00718    1.0000   -2688.5490  0.2635 
   00719    1.0000   -2603.1735  0.2617 
   00720    1.0000   -2553.4487  0.2538 
   00721    1.0000   -2469.4090  0.2605 
   00722    1.0000   -2462.7177  0.2693 
   00723    1.0000   -2470.1594  0.2736 
   00724    1.0000   -2515.4406  0.2660 
   00725    1.0000   -2422.1105  0.2714 
   00726    1.0000   -2354.3491  0.2712 
   00727    1.0000   -2390.8056  0.2635 
   00728    1.0000   -2391.7497  0.2630 
   00729    1.0000   -2449.3803  0.2653 
   00730    1.0000   -2592.2936  0.2615 
   00731    1.0000   -2618.9399  0.2637 
   00732    1.0000   -2503.4438  0.2615 
   00733    1.0000   -2432.4535  0.2627 
   00734    1.0000   -2494.1418  0.2672 
   00735    1.0000   -2441.4212  0.2647 
   00736    1.0000   -2348.2796  0.2639 
   00737    1.0000   -2392.8742  0.2559 
   00738    1.0000   -2461.7543  0.2563 
   00739    1.0000   -2605.6673  0.2554 
   00740    1.0000   -2522.0457  0.2668 
   00741    1.0000   -2638.5973  0.2625 
   00742    1.0000   -2528.4330  0.2602 
   00743    1.0000   -2478.0431  0.2584 
   00744    1.0000   -2459.5734  0.2678 
   00745    1.0000   -2547.0903  0.2727 
   00746    0.0000   -2562.7408  0.2637 
   00747    1.0000   -2567.0729  0.2711 
   00748    1.0000   -2572.4343  0.2591 
   00749    1.0000   -2427.3145  0.2529 
   00750    1.0000   -2479.1272  0.2573 
   00751    1.0000   -2506.2951  0.2698 
   00752    1.0000   -2541.0865  0.2734 
   00753    1.0000   -2424.6593  0.2639 
   00754    1.0000   -2493.7375  0.2608 
   00755    1.0000   -2469.0688  0.2548 
   00756    1.0000   -2437.2278  0.2547 
   00757    1.0000   -2557.1053  0.2567 
   00758    0.0000   -2511.5964  0.2659 
   00759    1.0000   -2377.2541  0.2644 
   00760    1.0000   -2356.2176  0.2604 
   00761    1.0000   -2384.8691  0.2681 
   00762    1.0000   -2458.7311  0.2644 
   00763    1.0000   -2435.2699  0.2659 
   00764    1.0000   -2447.2403  0.2692 
   00765    1.0000   -2452.4260  0.2595 
   00766    1.0000   -2429.5019  0.2621 
   00767    1.0000   -2519.3695  0.2521 
   00768    1.0000   -2474.2163  0.2562 
   00769    1.0000   -2459.2514  0.2599 
   00770    1.0000   -2533.9249  0.2674 
   00771    1.0000   -2423.3652  0.2649 
   00772    1.0000   -2434.9636  0.2651 
   00773    1.0000   -2403.1585  0.2725 
   00774    1.0000   -2443.5350  0.2755 
   00775    1.0000   -2399.3388  0.2802 
   00776    1.0000   -2445.9856  0.2698 
   00777    1.0000   -2385.0329  0.2799 
   00778    0.0000   -2319.8486  0.2782 
   00779    1.0000   -2319.3108  0.2741 
   00780    1.0000   -2438.8184  0.2700 
   00781    1.0000   -2354.9270  0.2605 
   00782    1.0000   -2362.4514  0.2620 
   00783    0.0000   -2441.3922  0.2655 
   00784    0.0000   -2421.8885  0.2697 
   00785    1.0000   -2449.8085  0.2633 
   00786    1.0000   -2370.3282  0.2763 
   00787    1.0000   -2416.5658  0.2709 
   00788    1.0000   -2510.0162  0.2663 
   00789    1.0000   -2436.7437  0.2654 
   00790    1.0000   -2422.6622  0.2697 
   00791    1.0000   -2445.2866  0.2666 
   00792    1.0000   -2430.2344  0.2519 
   00793    1.0000   -2352.1100  0.2536 
   00794    1.0000   -2341.9760  0.2591 
   00795    1.0000   -2370.7576  0.2597 
   00796    1.0000   -2385.5148  0.2621 
   00797    1.0000   -2337.7425  0.2672 
   00798    1.0000   -2465.8289  0.2595 
   00799    1.0000   -2484.5408  0.2552 
   00800    1.0000   -2443.8139  0.2557 
   00801    1.0000   -2483.0896  0.2600 
   00802    1.0000   -2610.6588  0.2632 
   00803    1.0000   -2553.3626  0.2735 
   00804    1.0000   -2457.6499  0.2689 
   00805    1.0000   -2389.1413  0.2727 
   00806    1.0000   -2366.1331  0.2802 
   00807    1.0000   -2472.7513  0.2815 
   00808    1.0000   -2449.7690  0.2815 
   00809    1.0000   -2376.1698  0.2873 
   00810    1.0000   -2333.3542  0.2732 
   00811    1.0000   -2282.9014  0.2773 
   00812    1.0000   -2451.4810  0.2689 
   00813    1.0000   -2480.8224  0.2589 
   00814    1.0000   -2482.1264  0.2618 
   00815    1.0000   -2513.8435  0.2665 
   00816    1.0000   -2435.3695  0.2669 
   00817    1.0000   -2450.8759  0.2642 
   00818    1.0000   -2478.4467  0.2706 
   00819    1.0000   -2429.3306  0.2733 
   00820    1.0000   -2486.4196  0.2680 
   00821    1.0000   -2459.7000  0.2626 
   00822    1.0000   -2437.3186  0.2578 
   00823    1.0000   -2423.5685  0.2556 
   00824    1.0000   -2547.0109  0.2732 
   00825    1.0000   -2531.5151  0.2730 
   00826    1.0000   -2509.9525  0.2696 
   00827    1.0000   -2525.0849  0.2660 
   00828    1.0000   -2495.6867  0.2631 
   00829    1.0000   -2421.3095  0.2620 
   00830    1.0000   -2491.8674  0.2707 
   00831    1.0000   -2500.1181  0.2674 
   00832    1.0000   -2539.7125  0.2744 
   00833    1.0000   -2521.4101  0.2599 
   00834    1.0000   -2519.0137  0.2665 
   00835    1.0000   -2514.8381  0.2614 
   00836    1.0000   -2585.6163  0.2667 
   00837    1.0000   -2577.0007  0.2559 
   00838    1.0000   -2596.6794  0.2600 
   00839    1.0000   -2623.7917  0.2652 
   00840    1.0000   -2588.2104  0.2639 
   00841    1.0000   -2574.8377  0.2675 
   00842    1.0000   -2606.6736  0.2717 
   00843    1.0000   -2573.4885  0.2757 
   00844    1.0000   -2513.7369  0.2670 
   00845    1.0000   -2537.5524  0.2605 
   00846    1.0000   -2490.9050  0.2618 
   00847    1.0000   -2406.8496  0.2598 
   00848    1.0000   -2359.9076  0.2699 
   00849    1.0000   -2439.0221  0.2731 
   00850    1.0000   -2435.5345  0.2630 
   00851    1.0000   -2513.4873  0.2628 
   00852    1.0000   -2421.4878  0.2602 
   00853    1.0000   -2428.9429  0.2673 
   00854    1.0000   -2487.6212  0.2694 
   00855    1.0000   -2454.2996  0.2676 
   00856    1.0000   -2421.3961  0.2601 
   00857    1.0000   -2445.0854  0.2604 
   00858    1.0000   -2467.3742  0.2624 
   00859    1.0000   -2462.8716  0.2676 
   00860    1.0000   -2392.7821  0.2772 
   00861    1.0000   -2539.9046  0.2667 
   00862    1.0000   -2565.0404  0.2606 
   00863    1.0000   -2555.2205  0.2548 
   00864    1.0000   -2616.2545  0.2564 
   00865    1.0000   -2486.4952  0.2587 
   00866    1.0000   -2489.5721  0.2563 
   00867    1.0000   -2521.2025  0.2716 
   00868    1.0000   -2474.7804  0.2652 
   00869    1.0000   -2440.4085  0.2674 
   00870    1.0000   -2422.4045  0.2544 
   00871    1.0000   -2375.7021  0.2545 
   00872    1.0000   -2453.6774  0.2616 
   00873    1.0000   -2450.8432  0.2597 
   00874    1.0000   -2497.7359  0.2645 
   00875    1.0000   -2485.3130  0.2622 
   00876    1.0000   -2542.5569  0.2621 
   00877    1.0000   -2561.8280  0.2558 
   00878    1.0000   -2524.3819  0.2614 
   00879    1.0000   -2605.2268  0.2662 
   00880    1.0000   -2556.6200  0.2720 
   00881    1.0000   -2654.4793  0.2651 
   00882    1.0000   -2686.0436  0.2652 
   00883    1.0000   -2555.3305  0.2633 
   00884    1.0000   -2626.4119  0.2540 
   00885    1.0000   -2550.7649  0.2569 
   00886    1.0000   -2522.1194  0.2639 
   00887    1.0000   -2537.4311  0.2563 
   00888    1.0000   -2506.7568  0.2577 
   00889    1.0000   -2504.5194  0.2572 
   00890    1.0000   -2583.4226  0.2675 
   00891    1.0000   -2469.4714  0.2552 
   00892    1.0000   -2447.2892  0.2604 
   00893    1.0000   -2349.7145  0.2663 
   00894    1.0000   -2349.6684  0.2737 
   00895    1.0000   -2422.9492  0.2677 
   00896    1.0000   -2413.5706  0.2718 
   00897    1.0000   -2479.5020  0.2659 
   00898    1.0000   -2523.8714  0.2701 
   00899    0.0000   -2586.9929  0.2594 
   00900    1.0000   -2522.9046  0.2569 
   00901    1.0000   -2594.1571  0.2630 
   00902    1.0000   -2490.8513  0.2696 
   00903    1.0000   -2529.9164  0.2696 
   00904    1.0000   -2536.5313  0.2614 
   00905    1.0000   -2527.7360  0.2574 
   00906    0.0000   -2420.2641  0.2535 
   00907    1.0000   -2514.5981  0.2672 
   00908    1.0000   -2609.6708  0.2726 
   00909    1.0000   -2564.4138  0.2618 
   00910    1.0000   -2555.7454  0.2529 
   00911    1.0000   -2528.2266  0.2571 
   00912    1.0000   -2494.8106  0.2620 
   00913    1.0000   -2432.6163  0.2520 
   00914    1.0000   -2461.5515  0.2563 
   00915    1.0000   -2444.0307  0.2555 
   00916    1.0000   -2543.0128  0.2573 
   00917    1.0000   -2534.4237  0.2564 
   00918    1.0000   -2538.3679  0.2653 
   00919    1.0000   -2458.7253  0.2578 
   00920    1.0000   -2496.9884  0.2621 
   00921    1.0000   -2464.1811  0.2577 
   00922    1.0000   -2455.3769  0.2591 
   00923    1.0000   -2512.7673  0.2645 
   00924    1.0000   -2512.3772  0.2637 
   00925    1.0000   -2453.1842  0.2522 
   00926    1.0000   -2420.0196  0.2578 
   00927    1.0000   -2392.1572  0.2656 
   00928    1.0000   -2454.9870  0.2665 
   00929    1.0000   -2435.3789  0.2688 
   00930    0.0000   -2404.1976  0.2717 
   00931    1.0000   -2437.9269  0.2614 
   00932    1.0000   -2390.3090  0.2645 
   00933    1.0000   -2350.1188  0.2632 
   00934    1.0000   -2428.4288  0.2603 
   00935    1.0000   -2471.4014  0.2629 
   00936    1.0000   -2511.5822  0.2695 
   00937    1.0000   -2534.3702  0.2725 
   00938    1.0000   -2469.0871  0.2714 
   00939    1.0000   -2431.3787  0.2728 
   00940    0.0000   -2530.5360  0.2667 
   00941    1.0000   -2575.0131  0.2701 
   00942    1.0000   -2418.3591  0.2780 
   00943    1.0000   -2479.3016  0.2872 
   00944    1.0000   -2469.7057  0.2735 
   00945    1.0000   -2527.6617  0.2790 
   00946    1.0000   -2441.9787  0.2718 
   00947    1.0000   -2443.3755  0.2602 
   00948    0.0000   -2497.8036  0.2598 
   00949    1.0000   -2429.1334  0.2567 
   00950    0.0000   -2525.4307  0.2565 
   00951    1.0000   -2571.8878  0.2608 
   00952    1.0000   -2493.1925  0.2513 
   00953    1.0000   -2542.4785  0.2542 
   00954    0.0000   -2552.4961  0.2530 
   00955    1.0000   -2480.2069  0.2611 
   00956    1.0000   -2450.4723  0.2552 
   00957    1.0000   -2529.1959  0.2522 
   00958    1.0000   -2570.9297  0.2599 
   00959    1.0000   -2536.9766  0.2607 
   00960    1.0000   -2627.3291  0.2533 
   00961    1.0000   -2539.5779  0.2595 
   00962    1.0000   -2447.7819  0.2613 
   00963    1.0000   -2369.4754  0.2659 
   00964    1.0000   -2317.4661  0.2620 
   00965    1.0000   -2404.5386  0.2543 
   00966    1.0000   -2537.0026  0.2581 
   00967    1.0000   -2577.1929  0.2592 
   00968    1.0000   -2505.1524  0.2520 
   00969    1.0000   -2489.1307  0.2556 
   00970    1.0000   -2548.7548  0.2568 
   00971    1.0000   -2567.8947  0.2607 
   00972    1.0000   -2526.9040  0.2526 
   00973    1.0000   -2529.8961  0.2647 
   00974    1.0000   -2513.2957  0.2525 
   00975    0.0000   -2473.1166  0.2602 
   00976    1.0000   -2546.3674  0.2598 
   00977    1.0000   -2620.0065  0.2569 
   00978    1.0000   -2615.2205  0.2661 
   00979    0.0000   -2588.0269  0.2673 
   00980    1.0000   -2566.7865  0.2732 
   00981    0.0000   -2469.8500  0.2780 
   00982    1.0000   -2469.7632  0.2713 
   00983    1.0000   -2471.8456  0.2712 
   00984    1.0000   -2529.8546  0.2780 
   00985    1.0000   -2605.2261  0.2713 
   00986    1.0000   -2448.6741  0.2633 
   00987    1.0000   -2462.7205  0.2763 
   00988    1.0000   -2504.5535  0.2582 
   00989    1.0000   -2460.8752  0.2528 
   00990    1.0000   -2495.7729  0.2532 
   00991    1.0000   -2447.0468  0.2549 
   00992    1.0000   -2447.5962  0.2510 
   00993    1.0000   -2416.7390  0.2584 
   00994    1.0000   -2450.3823  0.2596 
   00995    1.0000   -2481.8940  0.2530 
   00996    1.0000   -2497.0254  0.2544 
   00997    1.0000   -2543.8011  0.2568 
   00998    1.0000   -2565.2678  0.2593 
   00999    1.0000   -2584.6840  0.2682 
   01000    1.0000   -2501.5696  0.2662 
