#=====================================================
# File created:        Wed-30-Oct-2024-at-04-00-35PM
# Size of lattice:     40x40
# Number of MC steps:  1000
# Reduced temperature: 0.500
# Run time (s):        0.373243
#=====================================================
# MC step:  Ratio:     Energy:   Order:
#=====================================================
   00000    0.5000   -1581.7635  0.2914 
   00001    1.0000   -1607.5919  0.2816 
   00002    1.0000   -1582.7077  0.2783 
   00003    1.0000   -1596.9403  0.2705 
   00004    1.0000   -1645.9162  0.2688 
   00005    1.0000   -1602.2367  0.2533 
   00006    1.0000   -1639.5508  0.2612 
   00007    1.0000   -1620.0746  0.2698 
   00008    1.0000   -1529.6248  0.2653 
   00009    1.0000   -1584.8131  0.2657 
   00010    1.0000   -1622.3570  0.2708 
   00011    1.0000   -1622.3261  0.2774 
   00012    1.0000   -1680.6109  0.2803 
   00013    1.0000   -1592.8648  0.2729 
   00014    1.0000   -1611.6351  0.2718 
   00015    1.0000   -1508.8020  0.2636 
   00016    1.0000   -1551.6217  0.2605 
   00017    1.0000   -1656.4756  0.2610 
   00018    1.0000   -1637.3567  0.2701 
   00019    1.0000   -1660.5704  0.2621 
   00020    1.0000   -1686.3019  0.2713 
   00021    1.0000   -1632.3327  0.2626 
   00022    1.0000   -1540.2429  0.2600 
   00023    1.0000   -1623.3522  0.2604 
   00024    1.0000   -1594.6550  0.2671 
   00025    1.0000   -1564.4453  0.2806 
   00026    1.0000   -1607.4513  0.2924 
   00027    1.0000   -1624.9891  0.2775 
   00028    1.0000   -1618.0560  0.2852 
   00029    1.0000   -1589.7586  0.2724 
   00030    1.0000   -1593.6231  0.2925 
   00031    0.0000   -1620.1044  0.2904 
   00032    1.0000   -1607.8194  0.2773 
   00033    1.0000   -1608.1588  0.2903 
   00034    1.0000   -1622.0593  0.2883 
   00035    1.0000   -1644.3420  0.2795 
   00036    1.0000   -1677.8530  0.2647 
   00037    1.0000   -1602.0666  0.2678 
   00038    1.0000   -1575.0261  0.2623 
   00039    1.0000   -1648.5260  0.2742 
   00040    1.0000   -1562.0903  0.2605 
   00041    1.0000   -1656.9186  0.2694 
   00042    1.0000   -1620.0922  0.2706 
   00043    1.0000   -1673.4264  0.2844 
   00044    1.0000   -1657.9746  0.2810 
   00045    1.0000   -1615.0640  0.2904 
   00046    1.0000   -1576.7848  0.2841 
   00047    1.0000   -1616.0036  0.2697 
   00048    1.0000   -1537.6036  0.2694 
   00049    1.0000   -1557.9435  0.2581 
   00050    1.0000   -1585.6563  0.2713 
   00051    1.0000   -1560.5613  0.2753 
   00052    1.0000   -1542.9385  0.2769 
   00053    1.0000   -1583.0747  0.2691 
   00054    0.0000   -1663.4922  0.2779 
   00055    1.0000   -1623.1331  0.2804 
   00056    0.0000   -1579.0314  0.2844 
   00057    1.0000   -1596.5897  0.2869 
   00058    1.0000   -1721.1501  0.2634 
   00059    1.0000   -1638.0396  0.2801 
   00060    1.0000   -1739.5987  0.2715 
   00061    1.0000   -1650.2964  0.2806 
   00062    0.0000   -1605.8244  0.2732 
   00063    1.0000   -1606.4136  0.2691 
   00064    1.0000   -1587.9756  0.2565 
   00065    1.0000   -1595.1531  0.2555 
   00066    1.0000   -1662.7028  0.2573 
   00067    1.0000   -1619.8079  0.2597 
   00068    1.0000   -1664.7684  0.2587 
   00069    1.0000   -1624.5579  0.2722 
   00070    1.0000   -1694.1948  0.2681 
   00071    1.0000   -1682.2109  0.2789 
   00072    1.0000   -1674.2658  0.2843 
   00073    1.0000   -1651.6085  0.2746 
   00074    1.0000   -1588.9137  0.2748 
   00075    1.0000   -1594.2173  0.2859 
   00076    0.0000   -1562.1424  0.2717 
   00077    1.0000   -1564.8633  0.2576 
   00078    1.0000   -1590.5045  0.2629 
   00079    1.0000   -1625.2339  0.2604 
   00080    1.0000   -1630.7348  0.2705 
   00081    0.0000   -1668.8753  0.2712 
   00082    1.0000   -1614.7752  0.2645 
   00083    1.0000   -1575.0396  0.2708 
   00084    1.0000   -1565.0475  0.2729 
   00085    1.0000   -1640.5084  0.2648 
   00086    1.0000   -1565.0683  0.2566 
   00087    1.0000   -1642.8142  0.2759 
   00088    1.0000   -1686.7085  0.2787 
   00089    1.0000   -1749.1685  0.2792 
   00090    1.0000   -1732.2866  0.2793 
   00091    1.0000   -1706.9115  0.2850 
   00092    1.0000   -1636.4804  0.2683 
   00093    1.0000   -1656.7603  0.2697 
   00094    1.0000   -1613.3872  0.2604 
   00095    1.0000   -1632.0777  0.2599 
   00096    1.0000   -1613.9050  0.2621 
   00097    1.0000   -1538.8517  0.2718 
   00098    1.0000   -1523.8078  0.2796 
   00099    1.0000   -1527.9277  0.2843 
   00100    1.0000   -1559.5594  0.2816 
   00101    1.0000   -1624.3848  0.2798 
   00102    1.0000   -1654.7511  0.2579 
   00103    1.0000   -1580.4490  0.2583 
   00104    1.0000   -1586.5722  0.2614 
   00105    1.0000   -1621.3749  0.2536 
   00106    1.0000   -1628.4744  0.2592 
   00107    1.0000   -1584.2256  0.2622 
   00108    1.0000   -1643.2609  0.2629 
   00109    1.0000   -1661.8281  0.2679 
   00110    1.0000   -1603.9681  0.2783 
   00111    1.0000   -1578.5157  0.2798 
   00112    1.0000   -1559.7126  0.2801 
   00113    1.0000   -1509.3845  0.2793 
   00114    1.0000   -1554.8246  0.2656 
   00115    1.0000   -1610.0018  0.2649 
   00116    1.0000   -1610.9605  0.2727 
   00117    1.0000   -1496.6733  0.2623 
   00118    1.0000   -1537.2973  0.2513 
   00119    1.0000   -1560.8039  0.2528 
   00120    1.0000   -1559.5023  0.2588 
   00121    1.0000   -1617.0871  0.2567 
   00122    1.0000   -1614.3352  0.2532 
   00123    1.0000   -1680.8808  0.2641 
   00124    1.0000   -1719.5747  0.2601 
   00125    1.0000   -1735.4456  0.2733 
   00126    1.0000   -1637.7242  0.2713 
   00127    1.0000   -1602.6727  0.2634 
   00128    1.0000   -1589.2148  0.2682 
   00129    1.0000   -1654.2750  0.2621 
   00130    1.0000   -1658.5566  0.2596 
   00131    1.0000   -1577.1896  0.2769 
   00132    1.0000   -1615.4300  0.2675 
   00133    1.0000   -1569.1216  0.2753 
   00134    1.0000   -1546.0209  0.2594 
   00135    1.0000   -1673.2719  0.2645 
   00136    1.0000   -1615.0695  0.2720 
   00137    1.0000   -1638.0066  0.2682 
   00138    1.0000   -1644.4285  0.2659 
   00139    1.0000   -1582.9044  0.2643 
   00140    1.0000   -1629.3940  0.2721 
   00141    1.0000   -1598.8870  0.2625 
   00142    1.0000   -1607.1165  0.2822 
   00143    1.0000   -1586.1891  0.2707 
   00144    1.0000   -1580.8965  0.2787 
   00145    1.0000   -1527.7713  0.2660 
   00146    1.0000   -1600.0129  0.2728 
   00147    1.0000   -1593.1215  0.2780 
   00148    1.0000   -1610.4278  0.2655 
   00149    1.0000   -1529.7052  0.2663 
   00150    1.0000   -1589.6907  0.2660 
   00151    1.0000   -1673.3924  0.2683 
   00152    1.0000   -1668.9824  0.2680 
   00153    1.0000   -1657.4132  0.2663 
   00154    1.0000   -1596.0397  0.2722 
   00155    1.0000   -1604.6561  0.2767 
   00156    1.0000   -1576.0626  0.2823 
   00157    1.0000   -1544.3342  0.2818 
   00158    1.0000   -1498.3137  0.2719 
   00159    1.0000   -1502.5429  0.2754 
   00160    1.0000   -1492.4890  0.2823 
   00161    1.0000   -1476.4249  0.2704 
   00162    1.0000   -1549.3727  0.2621 
   00163    1.0000   -1547.9424  0.2654 
   00164    1.0000   -1518.4379  0.2661 
   00165    1.0000   -1531.5433  0.2767 
   00166    1.0000   -1617.6937  0.2796 
   00167    1.0000   -1596.0700  0.2718 
   00168    1.0000   -1573.7331  0.2712 
   00169    1.0000   -1531.5421  0.2702 
   00170    1.0000   -1519.3618  0.2703 
   00171    1.0000   -1595.0561  0.2519 
   00172    1.0000   -1622.4636  0.2651 
   00173    1.0000   -1578.4130  0.2614 
   00174    1.0000   -1546.7797  0.2637 
   00175    1.0000   -1535.3649  0.2750 
   00176    1.0000   -1619.0274  0.2555 
   00177    1.0000   -1638.3254  0.2531 
   00178    1.0000   -1728.5444  0.2674 
   00179    1.0000   -1560.7935  0.2657 
   00180    1.0000   -1556.5174  0.2702 
   00181    1.0000   -1625.4671  0.2794 
   00182    1.0000   -1665.9921  0.2823 
   00183    1.0000   -1663.9714  0.2786 
   00184    1.0000   -1593.4123  0.2915 
   00185    1.0000   -1594.4541  0.2960 
   00186    1.0000   -1685.4408  0.2884 
   00187    1.0000   -1582.3571  0.2928 
   00188    1.0000   -1547.0678  0.2847 
   00189    1.0000   -1615.9963  0.2779 
   00190    1.0000   -1623.2845  0.2732 
   00191    1.0000   -1617.3766  0.2777 
   00192    1.0000   -1588.0110  0.2654 
   00193    1.0000   -1620.6115  0.2614 
   00194    1.0000   -1674.5966  0.2620 
   00195    1.0000   -1601.1176  0.2536 
   00196    1.0000   -1514.1041  0.2610 
   00197    1.0000   -1559.1301  0.2577 
   00198    1.0000   -1606.4392  0.2653 
   00199    0.0000   -1668.1725  0.2731 
   00200    1.0000   -1727.0474  0.2847 
   00201    1.0000   -1657.0180  0.2843 
   00202    1.0000   -1724.8191  0.2733 
   00203    1.0000   -1618.8019  0.2631 
   00204    1.0000   -1649.2521  0.2604 
   00205    0.0000   -1696.9978  0.2600 
   00206    1.0000   -1673.0045  0.2631 
   00207    1.0000   -1601.4373  0.2651 
   00208    1.0000   -1584.6168  0.2884 
   00209    1.0000   -1627.0031  0.2760 
   00210    1.0000   -1493.4014  0.2675 
   00211    1.0000   -1482.8628  0.2658 
   00212    1.0000   -1537.8006  0.2585 
   00213    1.0000   -1557.3633  0.2626 
   00214    1.0000   -1560.3158  0.2602 
   00215    1.0000   -1488.0977  0.2602 
   00216    1.0000   -1532.8909  0.2701 
   00217    1.0000   -1519.3336  0.2697 
   00218    1.0000   -1598.3672  0.2584 
   00219    1.0000   -1543.8114  0.2575 
   00220    1.0000   -1563.8025  0.2585 
   00221    1.0000   -1564.0150  0.2546 
   00222    1.0000   -1558.7642  0.2662 
   00223    1.0000   -1541.5671  0.2692 
   00224    1.0000   -1643.7607  0.2609 
   00225    1.0000   -1625.1621  0.2758 
   00226    1.0000   -1688.1464  0.2760 
   00227    1.0000   -1676.7649  0.2822 
   00228    1.0000   -1609.6577  0.2707 
   00229    1.0000   -1604.4224  0.2698 
   00230    1.0000   -1605.3171  0.2524 
   00231    1.0000   -1549.5340  0.2685 
   00232    1.0000   -1588.1869  0.2625 
   00233    1.0000   -1533.1906  0.2619 
   00234    1.0000   -1603.8608  0.2596 
   00235    1.0000   -1633.6449  0.2783 
   00236    1.0000   -1545.3941  0.2804 
   00237    1.0000   -1591.2117  0.2784 
   00238    1.0000   -1632.7644  0.2742 
   00239    1.0000   -1586.3320  0.2755 
   00240    1.0000   -1604.8377  0.2727 
   00241    1.0000   -1602.7086  0.2615 
   00242    1.0000   -1642.2175  0.2634 
   00243    1.0000   -1625.1481  0.2797 
   00244    1.0000   -1569.1859  0.2867 
   00245    1.0000   -1493.8952  0.2641 
   00246    1.0000   -1584.6664  0.2688 
   00247    1.0000   -1611.5042  0.2755 
   00248    1.0000   -1577.2702  0.2661 
   00249    1.0000   -1552.9367  0.2595 
   00250    1.0000   -1549.5259  0.2534 
   00251    1.0000   -1548.0489  0.2667 
   00252    1.0000   -1533.6248  0.2641 
   00253    0.0000   -1568.1532  0.2670 
   00254    1.0000   -1650.8152  0.2693 
   00255    0.0000   -1582.4352  0.2687 
   00256    1.0000   -1642.9137  0.2575 
   00257    1.0000   -1647.6820  0.2686 
   00258    1.0000   -1561.7777  0.2728 
   00259    1.0000   -1549.7856  0.2695 
   00260    1.0000   -1515.5296  0.2726 
   00261    1.0000   -1495.5984  0.2722 
   00262    1.0000   -1515.6292  0.2752 
   00263    1.0000   -1500.5764  0.2854 
   00264    1.0000   -1555.3199  0.2858 
   00265    1.0000   -1528.0970  0.2801 
   00266    1.0000   -1588.8179  0.2652 
   00267    1.0000   -1610.4166  0.2646 
   00268    1.0000   -1543.0548  0.2736 
   00269    1.0000   -1602.9975  0.2621 
   00270    1.0000   -1601.8006  0.2659 
   00271    0.0000   -1669.9693  0.2647 
   00272    1.0000   -1685.4611  0.2581 
   00273    1.0000   -1597.5887  0.2812 
   00274    1.0000   -1626.9835  0.2863 
   00275    1.0000   -1623.0820  0.2737 
   00276    1.0000   -1573.8900  0.2589 
   00277    1.0000   -1574.8167  0.2549 
   00278    1.0000   -1594.9928  0.2627 
   00279    1.0000   -1611.8058  0.2739 
   00280    1.0000   -1544.5468  0.2765 
   00281    1.0000   -1557.9659  0.2639 
   00282    1.0000   -1502.3928  0.2743 
   00283    1.0000   -1462.7972  0.2705 
   00284    1.0000   -1458.2423  0.2681 
   00285    1.0000   -1495.6177  0.2795 
   00286    1.0000   -1576.6090  0.2800 
   00287    1.0000   -1635.1239  0.2635 
   00288    1.0000   -1653.5722  0.2655 
   00289    1.0000   -1677.3880  0.2722 
   00290    1.0000   -1666.0969  0.2652 
   00291    1.0000   -1611.2118  0.2805 
   00292    1.0000   -1610.3240  0.2712 
   00293    1.0000   -1568.7423  0.2634 
   00294    1.0000   -1591.3978  0.2559 
   00295    1.0000   -1648.1830  0.2590 
   00296    1.0000   -1597.5712  0.2515 
   00297    1.0000   -1542.7439  0.2578 
   00298    1.0000   -1549.6784  0.2718 
   00299    1.0000   -1557.0740  0.2711 
   00300    1.0000   -1603.2210  0.2778 
   00301    1.0000   -1654.8207  0.2598 
   00302    1.0000   -1594.4206  0.2662 
   00303    1.0000   -1578.8943  0.2716 
   00304    1.0000   -1677.2086  0.2727 
   00305    1.0000   -1618.3546  0.2667 
   00306    1.0000   -1537.6500  0.2759 
   00307    1.0000   -1586.5651  0.2785 
   00308    1.0000   -1502.9791  0.2706 
   00309    1.0000   -1550.2296  0.2625 
   00310    1.0000   -1530.4927  0.2597 
   00311    1.0000   -1527.5374  0.2572 
   00312    1.0000   -1532.3253  0.2637 
   00313    1.0000   -1549.3508  0.2720 
   00314    1.0000   -1532.7547  0.2817 
   00315    1.0000   -1556.6968  0.2712 
   00316    1.0000   -1543.6269  0.2700 
   00317    1.0000   -1556.0573  0.2743 
   00318    1.0000   -1572.8416  0.2756 
   00319    1.0000   -1597.5404  0.2646 
   00320    1.0000   -1639.9124  0.2641 
   00321    1.0000   -1671.1174  0.2634 
   00322    1.0000   -1723.5706  0.2603 
   00323    1.0000   -1683.8010  0.2692 
   00324    0.0000   -1681.3489  0.2549 
   00325    1.0000   -1624.1640  0.2558 
   00326    1.0000   -1590.3669  0.2582 
   00327    1.0000   -1554.4208  0.2590 
   00328    1.0000   -1517.5906  0.2703 
   00329    1.0000   -1538.1818  0.2761 
   00330    1.0000   -1581.9426  0.2693 
   00331    1.0000   -1582.6668  0.2797 
   00332    1.0000   -1577.7642  0.2740 
   00333    1.0000   -1600.9714  0.2588 
   00334    1.0000   -1590.3454  0.2682 
   00335    0.0000   -1580.4405  0.2701 
   00336    1.0000   -1529.7894  0.2566 
   00337    1.0000   -1605.7249  0.2572 
   00338    1.0000   -1627.2860  0.2522 
   00339    1.0000   -1620.3580  0.2567 
   00340    1.0000   -1642.7733  0.2561 
   00341    1.0000   -1641.6057  0.2545 
   00342    1.0000   -1695.6750  0.2709 
   00343    1.0000   -1744.1623  0.2677 
   00344    1.0000   -1676.7477  0.2617 
   00345    1.0000   -1579.8158  0.2645 
   00346    1.0000   -1603.4802  0.2651 
   00347    1.0000   -1583.9821  0.2658 
   00348    1.0000   -1577.4960  0.2603 
   00349    1.0000   -1574.8972  0.2619 
   00350    1.0000   -1555.0195  0.2561 
   00351    1.0000   -1586.7143  0.2754 
   00352    1.0000   -1639.5954  0.2755 
   00353    1.0000   -1644.5071  0.2547 
   00354    1.0000   -1585.5340  0.2551 
   00355    1.0000   -1583.4729  0.2594 
   00356    1.0000   -1678.4763  0.2567 
   00357    1.0000   -1614.7915  0.2625 
   00358    1.0000   -1602.4859  0.2598 
   00359    1.0000   -1655.8503  0.2558 
   00360    1.0000   -1665.6330  0.2624 
   00361    1.0000   -1571.7935  0.2642 
   00362    1.0000   -1547.3295  0.2603 
   00363    1.0000   -1624.8798  0.2628 
   00364    1.0000   -1663.1160  0.2618 
   00365    1.0000   -1690.6712  0.2603 
   00366    1.0000   -1697.2441  0.2721 
   00367    1.0000   -1700.8038  0.2760 
   00368    1.0000   -1680.3154  0.2793 
   00369    1.0000   -1715.4934  0.2736 
   00370    1.0000   -1782.9916  0.2808 
   00371    1.0000   -1670.0834  0.2852 
   00372    1.0000   -1622.7478  0.2836 
   00373    1.0000   -1636.6222  0.2758 
   00374    1.0000   -1582.8003  0.2666 
   00375    1.0000   -1542.4192  0.2767 
   00376    1.0000   -1511.3501  0.2702 
   00377    1.0000   -1544.9877  0.2509 
   00378    1.0000   -1604.5750  0.2652 
   00379    1.0000   -1637.8730  0.2535 
   00380    1.0000   -1728.7044  0.2588 
   00381    1.0000   -1637.8476  0.2650 
   00382    1.0000   -1661.4834  0.2607 
   00383    1.0000   -1620.9515  0.2530 
   00384    1.0000   -1657.7288  0.2649 
   00385    1.0000   -1611.2607  0.2670 
   00386    1.0000   -1564.3825  0.2701 
   00387    1.0000   -1668.8576  0.2796 
   00388    1.0000   -1638.9908  0.2761 
   00389    1.0000   -1696.3409  0.2635 
   00390    1.0000   -1628.5451  0.2596 
   00391    1.0000   -1613.9254  0.2535 
   00392    1.0000   -1597.7214  0.2584 
   00393    1.0000   -1600.7645  0.2582 
   00394    1.0000   -1594.7648  0.2724 
   00395    1.0000   -1647.9127  0.2735 
   00396    1.0000   -1632.3587  0.2727 
   00397    1.0000   -1637.7530  0.2735 
   00398    1.0000   -1631.9095  0.2608 
   00399    1.0000   -1678.3149  0.2572 
   00400    1.0000   -1610.1007  0.2570 
   00401    1.0000   -1542.9141  0.2549 
   00402    1.0000   -1617.5145  0.2609 
   00403    1.0000   -1647.2491  0.2607 
   00404    1.0000   -1575.9961  0.2537 
   00405    1.0000   -1664.7996  0.2651 
   00406    1.0000   -1674.9622  0.2565 
   00407    1.0000   -1613.7632  0.2558 
   00408    1.0000   -1627.3634  0.2660 
   00409    1.0000   -1567.3445  0.2783 
   00410    1.0000   -1567.9277  0.2696 
   00411    1.0000   -1599.7529  0.2813 
   00412    0.0000   -1539.4526  0.2902 
   00413    1.0000   -1585.5497  0.2817 
   00414    1.0000   -1593.0886  0.2599 
   00415    1.0000   -1550.6464  0.2694 
   00416    1.0000   -1458.5740  0.2636 
   00417    1.0000   -1548.4338  0.2590 
   00418    1.0000   -1571.8700  0.2597 
   00419    1.0000   -1591.7754  0.2603 
   00420    1.0000   -1620.6055  0.2697 
   00421    1.0000   -1622.2261  0.2767 
   00422    1.0000   -1653.5263  0.2802 
   00423    1.0000   -1624.1243  0.2831 
   00424    1.0000   -1622.5899  0.2946 
   00425    1.0000   -1607.1676  0.2711 
   00426    1.0000   -1476.1549  0.2605 
   00427    1.0000   -1492.1168  0.2617 
   00428    1.0000   -1455.9566  0.2622 
   00429    1.0000   -1448.7355  0.2678 
   00430    1.0000   -1542.8189  0.2731 
   00431    1.0000   -1548.1324  0.2631 
   00432    1.0000   -1599.8393  0.2782 
   00433    1.0000   -1598.4533  0.2643 
   00434    1.0000   -1617.3476  0.2609 
   00435    1.0000   -1612.6635  0.2585 
   00436    1.0000   -1613.7990  0.2623 
   00437    1.0000   -1586.4000  0.2611 
   00438    1.0000   -1565.7172  0.2680 
   00439    1.0000   -1585.5234  0.2622 
   00440    1.0000   -1625.2385  0.2630 
   00441    1.0000   -1607.1942  0.2724 
   00442    1.0000   -1579.9435  0.2696 
   00443    1.0000   -1641.7825  0.2817 
   00444    1.0000   -1594.0423  0.2819 
   00445    0.0000   -1690.7964  0.2702 
   00446    1.0000   -1632.0260  0.2722 
   00447    1.0000   -1581.3943  0.2677 
   00448    1.0000   -1645.2728  0.2798 
   00449    1.0000   -1618.0138  0.2729 
   00450    1.0000   -1581.0308  0.2571 
   00451    1.0000   -1538.6185  0.2592 
   00452    1.0000   -1597.0977  0.2726 
   00453    1.0000   -1587.5393  0.2837 
   00454    1.0000   -1534.5284  0.2911 
   00455    1.0000   -1552.7686  0.2935 
   00456    1.0000   -1524.7175  0.2877 
   00457    1.0000   -1612.4601  0.2784 
   00458    1.0000   -1651.0020  0.2914 
   00459    1.0000   -1726.8149  0.2811 
   00460    1.0000   -1605.5434  0.2726 
   00461    1.0000   -1669.3150  0.2521 
   00462    1.0000   -1637.5640  0.2626 
   00463    1.0000   -1613.2558  0.2564 
   00464    1.0000   -1554.0320  0.2585 
   00465    1.0000   -1570.7859  0.2671 
   00466    1.0000   -1562.6240  0.2625 
   00467    1.0000   -1458.9789  0.2625 
   00468    1.0000   -1539.8677  0.2573 
   00469    1.0000   -1612.8446  0.2643 
   00470    1.0000   -1604.1827  0.2612 
   00471    1.0000   -1634.2940  0.2575 
   00472    1.0000   -1675.5761  0.2593 
   00473    1.0000   -1637.2081  0.2638 
   00474    1.0000   -1622.5083  0.2545 
   00475    1.0000   -1661.1712  0.2566 
   00476    1.0000   -1592.2855  0.2758 
   00477    1.0000   -1652.1085  0.2638 
   00478    1.0000   -1633.8844  0.2603 
   00479    1.0000   -1597.5568  0.2561 
   00480    1.0000   -1607.3817  0.2664 
   00481    1.0000   -1647.4794  0.2774 
   00482    1.0000   -1604.5629  0.2800 
   00483    1.0000   -1691.8553  0.2794 
   00484    1.0000   -1660.9874  0.2805 
   00485    1.0000   -1619.0142  0.2710 
   00486    1.0000   -1605.5151  0.2735 
   00487    1.0000   -1609.4114  0.2644 
   00488    1.0000   -1663.3155  0.2700 
   00489    1.0000   -1694.7436  0.2556 
   00490    1.0000   -1690.6805  0.2592 
   00491    1.0000   -1672.0861  0.2660 
   00492    1.0000   -1680.0064  0.2678 
   00493    1.0000   -1642.4294  0.2591 
   00494    1.0000   -1651.0713  0.2703 
   00495    1.0000   -1647.1240  0.2685 
   00496    1.0000   -1645.9607  0.2739 
   00497    1.0000   -1628.9805  0.2578 
   00498    1.0000   -1643.4032  0.2541 
   00499    1.0000   -1537.5872  0.2650 
   00500    1.0000   -1591.5782  0.2696 
   00501    1.0000   -1550.1196  0.2648 
   00502    1.0000   -1607.4250  0.2656 
   00503    1.0000   -1636.4796  0.2671 
   00504    1.0000   -1620.6114  0.2682 
   00505    1.0000   -1713.3060  0.2579 
   00506    1.0000   -1587.5165  0.2585 
   00507    1.0000   -1593.3045  0.2635 
   00508    1.0000   -1557.0027  0.2591 
   00509    1.0000   -1539.9552  0.2560 
   00510    1.0000   -1582.0578  0.2720 
   00511    1.0000   -1617.6545  0.2758 
   00512    1.0000   -1607.8504  0.2732 
   00513    1.0000   -1576.8840  0.2740 
   00514    1.0000   -1507.5849  0.2691 
   00515    0.0000   -1518.8473  0.2726 
   00516    1.0000   -1563.6504  0.2681 
   00517    1.0000   -1677.9470  0.2626 
   00518    1.0000   -1677.7298  0.2672 
   00519    1.0000   -1672.4663  0.2704 
   00520    1.0000   -1651.1580  0.2697 
   00521    1.0000   -1619.7563  0.2681 
   00522    1.0000   -1621.4429  0.2575 
   00523    0.0000   -1619.9151  0.2564 
   00524    1.0000   -1605.4027  0.2624 
   00525    1.0000   -1567.9721  0.2631 
   00526    1.0000   -1638.4315  0.2751 
   00527    1.0000   -1615.2863  0.2898 
   00528    1.0000   -1624.0702  0.2791 
   00529    1.0000   -1700.2974  0.2720 
   00530    1.0000   -1662.1160  0.2624 
   00531    1.0000   -1697.3195  0.2741 
   00532    1.0000   -1676.3439  0.2535 
   00533    1.0000   -1605.7430  0.2594 
   00534    1.0000   -1592.5365  0.2667 
   00535    1.0000   -1587.2900  0.2588 
   00536    1.0000   -1658.4630  0.2617 
   00537    1.0000   -1665.6767  0.2612 
   00538    1.0000   -1711.5936  0.2637 
   00539    1.0000   -1651.9706  0.2721 
   00540    1.0000   -1619.0019  0.2712 
   00541    1.0000   -1629.3410  0.2678 
   00542    1.0000   -1530.8090  0.2605 
   00543    1.0000   -1499.0716  0.2567 
   00544    1.0000   -1586.0380  0.2659 
   00545    1.0000   -1595.7188  0.2727 
   00546    1.0000   -1537.5235  0.2648 
   00547    1.0000   -1603.9452  0.2541 
   00548    1.0000   -1471.8718  0.2530 
   00549    1.0000   -1486.3511  0.2635 
   00550    1.0000   -1576.2108  0.2646 
   00551    1.0000   -1569.8576  0.2559 
   00552    1.0000   -1574.0112  0.2615 
   00553    1.0000   -1568.4476  0.2582 
   00554    1.0000   -1601.4394  0.2610 
   00555    1.0000   -1775.1121  0.2755 
   00556    1.0000   -1760.2974  0.2802 
   00557    1.0000   -1738.5034  0.2755 
   00558    1.0000   -1633.0636  0.2702 
   00559    1.0000   -1608.6155  0.2695 
   00560    1.0000   -1664.0209  0.2651 
   00561    1.0000   -1626.1207  0.2634 
   00562    1.0000   -1607.1056  0.2594 
   00563    1.0000   -1637.1766  0.2562 
   00564    1.0000   -1655.7321  0.2633 
   00565    1.0000   -1598.1904  0.2699 
   00566    1.0000   -1617.4003  0.2597 
   00567    1.0000   -1586.1923  0.2599 
   00568    1.0000   -1578.1869  0.2576 
   00569    1.0000   -1542.3806  0.2586 
   00570    1.0000   -1552.6558  0.2600 
   00571    1.0000   -1558.8720  0.2614 
   00572    1.0000   -1544.0215  0.2719 
   00573    1.0000   -1526.7253  0.2752 
   00574    1.0000   -1613.2770  0.2670 
   00575    1.0000   -1649.5426  0.2688 
   00576    1.0000   -1625.2383  0.2730 
   00577    1.0000   -1594.2746  0.2709 
   00578    1.0000   -1687.1981  0.2707 
   00579    1.0000   -1600.1146  0.2697 
   00580    1.0000   -1567.9447  0.2847 
   00581    1.0000   -1618.5116  0.2760 
   00582    1.0000   -1635.9728  0.2844 
   00583    1.0000   -1643.4344  0.2820 
   00584    1.0000   -1649.5916  0.2912 
   00585    1.0000   -1653.0913  0.2798 
   00586    1.0000   -1632.1637  0.2739 
   00587    1.0000   -1611.8192  0.2658 
   00588    1.0000   -1673.1385  0.2594 
   00589    1.0000   -1665.6766  0.2644 
   00590    1.0000   -1569.3839  0.2619 
   00591    1.0000   -1562.0507  0.2572 
   00592    1.0000   -1546.1223  0.2543 
   00593    1.0000   -1603.4773  0.2510 
   00594    1.0000   -1580.0994  0.2602 
   00595    1.0000   -1576.8617  0.2687 
   00596    0.0000   -1612.2292  0.2583 
   00597    1.0000   -1532.5930  0.2584 
   00598    1.0000   -1662.5544  0.2604 
   00599    1.0000   -1617.8680  0.2782 
   00600    1.0000   -1645.8693  0.2612 
   00601    1.0000   -1685.1501  0.2597 
   00602    1.0000   -1652.5101  0.2551 
   00603    1.0000   -1576.9121  0.2548 
   00604    1.0000   -1613.1632  0.2612 
   00605    1.0000   -1539.6537  0.2648 
   00606    1.0000   -1619.9525  0.2625 
   00607    0.0000   -1675.3820  0.2686 
   00608    1.0000   -1603.7912  0.2534 
   00609    1.0000   -1485.1895  0.2592 
   00610    1.0000   -1565.9219  0.2638 
   00611    1.0000   -1659.6782  0.2612 
   00612    1.0000   -1676.9264  0.2643 
   00613    1.0000   -1615.2653  0.2536 
   00614    1.0000   -1622.3245  0.2548 
   00615    1.0000   -1609.0782  0.2578 
   00616    1.0000   -1652.3599  0.2627 
   00617    1.0000   -1644.8950  0.2637 
   00618    1.0000   -1547.3774  0.2542 
   00619    1.0000   -1570.0788  0.2747 
   00620    1.0000   -1607.5569  0.2844 
   00621    1.0000   -1608.7542  0.2776 
   00622    1.0000   -1608.1127  0.2698 
   00623    1.0000   -1639.3946  0.2714 
   00624    1.0000   -1600.2514  0.2662 
   00625    1.0000   -1551.3942  0.2714 
   00626    1.0000   -1586.7532  0.2629 
   00627    1.0000   -1550.7260  0.2567 
   00628    0.0000   -1640.9295  0.2761 
   00629    1.0000   -1680.2517  0.2748 
   00630    1.0000   -1613.8993  0.2859 
   00631    1.0000   -1566.8594  0.2796 
   00632    1.0000   -1630.0129  0.2739 
   00633    1.0000   -1633.0932  0.2684 
   00634    1.0000   -1603.6818  0.2811 
   00635    1.0000   -1597.5038  0.2745 
   00636    1.0000   -1554.3531  0.2834 
   00637    1.0000   -1613.5237  0.2746 
   00638    1.0000   -1633.1719  0.2548 
   00639    1.0000   -1645.3091  0.2585 
   00640    1.0000   -1545.9120  0.2568 
   00641    1.0000   -1596.3012  0.2576 
   00642    1.0000   -1625.7030  0.2541 
   00643    1.0000   -1586.1444  0.2619 
   00644    1.0000   -1566.5152  0.2673 
   00645    1.0000   -1593.5990  0.2658 
   00646    1.0000   -1603.2955  0.2701 
   00647    1.0000   -1639.6351  0.2760 
   00648    1.0000   -1635.2795  0.2869 
   00649    1.0000   -1607.9181  0.2646 
   00650    1.0000   -1616.2964  0.2624 
   00651    1.0000   -1566.9910  0.2677 
   00652    1.0000   -1580.0550  0.2692 
   00653    1.0000   -1634.0825  0.2870 
   00654    1.0000   -1531.1677  0.2813 
   00655    1.0000   -1541.6793  0.2688 
   00656    1.0000   -1616.6542  0.2640 
   00657    1.0000   -1600.8337  0.2710 
   00658    1.0000   -1513.2065  0.2589 
   00659    1.0000   -1485.8132  0.2506 
   00660    1.0000   -1605.1944  0.2602 
   00661    1.0000   -1604.0623  0.2596 
   00662    1.0000   -1677.0018  0.2631 
   00663    1.0000   -1705.3187  0.2696 
   00664    1.0000   -1600.8945  0.2780 
   00665    1.0000   -1596.1614  0.2732 
   00666    1.0000   -1603.9239  0.2762 
   00667    1.0000   -1691.8710  0.2660 
   00668    1.0000   -1652.5633  0.2762 
   00669    1.0000   -1539.0090  0.2752 
   00670    1.0000   -1617.4676  0.2702 
   00671    1.0000   -1673.1825  0.2661 
   00672    1.0000   -1669.4167  0.2791 
   00673    1.0000   -1603.6398  0.2731 
   00674    1.0000   -1524.8370  0.2665 
   00675    1.0000   -1677.4257  0.2679 
   00676    1.0000   -1647.8697  0.2573 
   00677    1.0000   -1602.3227  0.2750 
   00678    1.0000   -1604.8016  0.2581 
   00679    1.0000   -1519.9849  0.2577 
   00680    1.0000   -1498.9562  0.2580 
   00681    1.0000   -1566.4664  0.2702 
   00682    1.0000   -1609.1689  0.2598 
   00683    1.0000   -1638.3298  0.2662 
   00684    1.0000   -1587.6469  0.2564 
   00685    1.0000   -1547.0801  0.2605 
   00686    1.0000   -1473.4474  0.2675 
   00687    1.0000   -1517.4907  0.2618 
   00688    1.0000   -1525.7097  0.2586 
   00689    1.0000   -1580.2562  0.2518 
   00690    1.0000   -1542.1396  0.2581 
   00691    1.0000   -1512.1467  0.2603 
   00692    1.0000   -1547.5736  0.2601 
   00693    1.0000   -1530.3732  0.2654 
   00694    1.0000   -1561.6707  0.2637 
   00695    1.0000   -1495.6350  0.2713 
   00696    1.0000   -1521.2542  0.2793 
   00697    1.0000   -1571.8004  0.2642 
   00698    1.0000   -1576.7050  0.2722 
   00699    1.0000   -1524.2290  0.2753 
   00700    1.0000   -1646.2768  0.2803 
   00701    1.0000   -1642.4346  0.2636 
   00702    1.0000   -1675.2402  0.2645 
   00703    1.0000   -1591.8962  0.2599 
   00704    1.0000   -1673.0312  0.2763 
   00705    1.0000   -1639.4313  0.2800 
   00706    1.0000   -1673.9924  0.2698 
   00707    1.0000   -1670.2388  0.2836 
   00708    1.0000   -1617.4256  0.2747 
   00709    1.0000   -1625.7386  0.2716 
   00710    1.0000   -1671.1479  0.2770 
   00711    1.0000   -1666.6728  0.2955 
   00712    1.0000   -1648.7575  0.2887 
   00713    1.0000   -1672.1673  0.2744 
   00714    1.0000   -1697.9905  0.2743 
   00715    1.0000   -1658.1002  0.2646 
   00716    1.0000   -1655.6776  0.2651 
   00717    1.0000   -1620.5536  0.2623 
   00718    1.0000   -1694.9639  0.2565 
   00719    0.0000   -1687.2739  0.2626 
   00720    1.0000   -1643.1324  0.2590 
   00721    1.0000   -1597.1223  0.2656 
   00722    1.0000   -1542.4754  0.2706 
   00723    1.0000   -1569.7460  0.2764 
   00724    1.0000   -1582.1027  0.2752 
   00725    1.0000   -1616.6174  0.2687 
   00726    1.0000   -1576.8075  0.2606 
   00727    1.0000   -1617.5607  0.2660 
   00728    1.0000   -1580.7731  0.2659 
   00729    1.0000   -1605.4930  0.2826 
   00730    1.0000   -1494.4751  0.2710 
   00731    1.0000   -1451.6100  0.2712 
   00732    1.0000   -1444.3055  0.2761 
   00733    1.0000   -1530.9463  0.2793 
   00734    1.0000   -1533.2446  0.2686 
   00735    1.0000   -1556.4031  0.2715 
   00736    1.0000   -1552.0324  0.2658 
   00737    1.0000   -1663.9868  0.2716 
   00738    1.0000   -1638.7984  0.2742 
   00739    1.0000   -1641.6390  0.2545 
   00740    1.0000   -1669.1220  0.2661 
   00741    1.0000   -1637.2284  0.2620 
   00742    1.0000   -1585.9939  0.2539 
   00743    1.0000   -1481.7554  0.2637 
   00744    1.0000   -1531.3237  0.2761 
   00745    1.0000   -1540.4376  0.2763 
   00746    1.0000   -1624.4491  0.2764 
   00747    1.0000   -1638.8740  0.2711 
   00748    1.0000   -1666.7885  0.2644 
   00749    1.0000   -1640.7085  0.2615 
   00750    1.0000   -1639.8360  0.2624 
   00751    1.0000   -1675.2525  0.2642 
   00752    1.0000   -1625.5360  0.2708 
   00753    1.0000   -1612.0976  0.2768 
   00754    1.0000   -1658.2943  0.2698 
   00755    1.0000   -1616.5045  0.2586 
   00756    1.0000   -1703.3373  0.2579 
   00757    1.0000   -1750.0630  0.2552 
   00758    1.0000   -1691.8633  0.2636 
   00759    1.0000   -1743.5961  0.2748 
   00760    1.0000   -1629.6743  0.2701 
   00761    1.0000   -1619.3632  0.2748 
   00762    1.0000   -1630.9946  0.2583 
   00763    1.0000   -1577.3082  0.2629 
   00764    1.0000   -1612.3216  0.2765 
   00765    1.0000   -1577.0740  0.2804 
   00766    1.0000   -1573.8372  0.2781 
   00767    1.0000   -1612.0237  0.2677 
   00768    1.0000   -1603.2865  0.2763 
   00769    0.0000   -1543.8687  0.2711 
   00770    1.0000   -1551.3352  0.2591 
   00771    1.0000   -1502.4073  0.2579 
   00772    1.0000   -1544.1930  0.2586 
   00773    1.0000   -1597.7209  0.2720 
   00774    1.0000   -1621.2032  0.2755 
   00775    1.0000   -1657.4061  0.2651 
   00776    1.0000   -1626.3201  0.2798 
   00777    1.0000   -1682.8130  0.2757 
   00778    1.0000   -1732.5539  0.2683 
   00779    1.0000   -1688.3234  0.2720 
   00780    1.0000   -1688.7011  0.2581 
   00781    1.0000   -1730.4260  0.2615 
   00782    1.0000   -1652.2281  0.2656 
   00783    1.0000   -1632.5653  0.2710 
   00784    1.0000   -1590.1195  0.2780 
   00785    1.0000   -1573.3326  0.2617 
   00786    1.0000   -1490.0409  0.2665 
   00787    1.0000   -1534.8313  0.2671 
   00788    1.0000   -1639.3158  0.2700 
   00789    1.0000   -1625.4411  0.2567 
   00790    1.0000   -1568.4328  0.2556 
   00791    1.0000   -1600.3087  0.2562 
   00792    1.0000   -1642.5248  0.2549 
   00793    1.0000   -1653.7519  0.2535 
   00794    1.0000   -1602.1552  0.2629 
   00795    1.0000   -1559.0215  0.2655 
   00796    1.0000   -1633.7703  0.2741 
   00797    1.0000   -1642.9181  0.2583 
   00798    1.0000   -1724.3442  0.2646 
   00799    1.0000   -1677.8606  0.2620 
   00800    1.0000   -1580.8450  0.2564 
   00801    1.0000   -1665.8744  0.2541 
   00802    1.0000   -1589.8327  0.2662 
   00803    1.0000   -1637.1798  0.2680 
   00804    1.0000   -1547.0574  0.2684 
   00805    1.0000   -1526.9218  0.2828 
   00806    1.0000   -1493.8016  0.2685 
   00807    1.0000   -1535.8906  0.2564 
   00808    1.0000   -1604.4774  0.2616 
   00809    1.0000   -1568.6519  0.2783 
   00810    1.0000   -1672.2125  0.2721 
   00811    1.0000   -1568.1102  0.2618 
   00812    1.0000   -1610.8958  0.2582 
   00813    1.0000   -1673.8633  0.2686 
   00814    1.0000   -1554.7386  0.2553 
   00815    1.0000   -1582.4572  0.2705 
   00816    1.0000   -1642.7569  0.2809 
   00817    1.0000   -1708.3215  0.2808 
   00818    1.0000   -1719.0672  0.2696 
   00819    1.0000   -1699.3798  0.2651 
   00820    1.0000   -1605.5059  0.2764 
   00821    1.0000   -1560.2038  0.2600 
   00822    1.0000   -1626.6056  0.2737 
   00823    1.0000   -1716.7059  0.2626 
   00824    1.0000   -1665.2188  0.2669 
   00825    1.0000   -1633.6889  0.2668 
   00826    1.0000   -1600.7365  0.2668 
   00827    1.0000   -1620.3309  0.2639 
   00828    1.0000   -1614.2353  0.2527 
   00829    1.0000   -1573.8718  0.2585 
   00830    1.0000   -1598.6069  0.2605 
   00831    1.0000   -1695.2344  0.2533 
   00832    1.0000   -1642.9065  0.2614 
   00833    1.0000   -1638.3543  0.2595 
   00834    1.0000   -1614.4732  0.2645 
   00835    1.0000   -1662.0000  0.2631 
   00836    1.0000   -1624.1058  0.2644 
   00837    1.0000   -1602.8633  0.2641 
   00838    1.0000   -1503.2082  0.2630 
   00839    1.0000   -1507.7968  0.2565 
   00840    1.0000   -1548.8675  0.2592 
   00841    1.0000   -1575.0618  0.2724 
   00842    1.0000   -1535.5901  0.2745 
   00843    1.0000   -1606.9114  0.2715 
   00844    1.0000   -1643.6052  0.2628 
   00845    1.0000   -1607.4699  0.2615 
   00846    1.0000   -1645.0609  0.2541 
   00847    1.0000   -1518.9833  0.2577 
   00848    1.0000   -1554.0964  0.2619 
   00849    1.0000   -1592.4631  0.2570 
   00850    1.0000   -1611.1547  0.2539 
   00851    1.0000   -1651.5858  0.2572 
   00852    1.0000   -1656.9443  0.2566 
   00853    1.0000   -1667.2948  0.2568 
   00854    1.0000   -1724.7007  0.2581 
   00855    1.0000   -1665.0437  0.2625 
   00856    1.0000   -1622.1737  0.2666 
   00857    1.0000   -1607.8333  0.2640 
   00858    1.0000   -1589.3803  0.2599 
   00859    1.0000   -1546.3344  0.2626 
   00860    1.0000   -1514.2382  0.2667 
   00861    1.0000   -1446.5572  0.2674 
   00862    1.0000   -1462.0232  0.2631 
   00863    1.0000   -1555.1528  0.2641 
   00864    1.0000   -1596.0465  0.2678 
   00865    1.0000   -1649.6197  0.2671 
   00866    1.0000   -1580.1849  0.2647 
   00867    1.0000   -1620.7562  0.2619 
   00868    1.0000   -1596.7382  0.2539 
   00869    1.0000   -1586.5413  0.2573 
   00870    1.0000   -1622.3152  0.2682 
   00871    1.0000   -1617.5635  0.2661 
   00872    1.0000   -1625.0963  0.2619 
   00873    1.0000   -1600.8725  0.2679 
   00874    1.0000   -1666.1307  0.2799 
   00875    1.0000   -1597.4337  0.2754 
   00876    1.0000   -1578.0656  0.2734 
   00877    1.0000   -1567.3211  0.2690 
   00878    1.0000   -1562.1541  0.2567 
   00879    1.0000   -1558.5319  0.2615 
   00880    1.0000   -1589.2625  0.2641 
   00881    1.0000   -1559.6228  0.2613 
   00882    1.0000   -1552.8252  0.2809 
   00883    1.0000   -1585.2924  0.2806 
   00884    1.0000   -1558.4491  0.2747 
   00885    1.0000   -1544.4735  0.2727 
   00886    1.0000   -1582.6638  0.2751 
   00887    1.0000   -1578.7073  0.2771 
   00888    1.0000   -1466.0269  0.2790 
   00889    1.0000   -1557.5832  0.2796 
   00890    1.0000   -1580.8087  0.2919 
   00891    1.0000   -1669.9724  0.2857 
   00892    1.0000   -1634.8446  0.2978 
   00893    1.0000   -1639.4924  0.2823 
   00894    1.0000   -1561.9553  0.2898 
   00895    1.0000   -1553.3183  0.2850 
   00896    1.0000   -1465.6069  0.2808 
   00897    1.0000   -1484.4301  0.2710 
   00898    1.0000   -1500.5504  0.2696 
   00899    1.0000   -1544.2871  0.2785 
   00900    1.0000   -1530.3647  0.2666 
   00901    1.0000   -1610.7649  0.2676 
   00902    1.0000   -1582.9418  0.2601 
   00903    1.0000   -1650.7401  0.2601 
   00904    1.0000   -1598.9777  0.2558 
   00905    1.0000   -1563.4492  0.2651 
   00906    1.0000   -1635.8884  0.2545 
   00907    1.0000   -1599.7373  0.2581 
   00908    1.0000   -1693.3257  0.2666 
   00909    1.0000   -1668.1413  0.2643 
   00910    1.0000   -1636.2149  0.2595 
   00911    1.0000   -1631.6225  0.2680 
   00912    1.0000   -1497.2806  0.2697 
   00913    1.0000   -1542.2374  0.2597 
   00914    1.0000   -1592.8355  0.2556 
   00915    1.0000   -1517.9286  0.2553 
   00916    1.0000   -1531.7138  0.2551 
   00917    1.0000   -1540.2388  0.2601 
   00918    1.0000   -1663.2996  0.2578 
   00919    1.0000   -1499.4395  0.2622 
   00920    1.0000   -1628.9145  0.2613 
   00921    1.0000   -1631.2789  0.2600 
   00922    1.0000   -1599.5080  0.2645 
   00923    1.0000   -1632.1220  0.2569 
   00924    1.0000   -1645.9994  0.2630 
   00925    1.0000   -1680.7680  0.2554 
   00926    1.0000   -1576.2446  0.2601 
   00927    1.0000   -1561.2227  0.2699 
   00928    1.0000   -1570.6380  0.2637 
   00929    1.0000   -1602.1069  0.2692 
   00930    1.0000   -1707.7200  0.2653 
   00931    1.0000   -1671.8062  0.2661 
   00932    1.0000   -1677.4463  0.2682 
   00933    1.0000   -1684.8339  0.2557 
   00934    1.0000   -1643.0607  0.2629 
   00935    1.0000   -1611.6559  0.2659 
   00936    1.0000   -1664.9646  0.2809 
   00937    1.0000   -1572.2551  0.2666 
   00938    1.0000   -1564.5045  0.2593 
   00939    1.0000   -1613.0675  0.2642 
   00940    1.0000   -1591.1499  0.2569 
   00941    1.0000   -1624.2230  0.2653 
   00942    1.0000   -1577.0841  0.2645 
   00943    1.0000   -1558.3840  0.2603 
   00944    1.0000   -1568.1046  0.2626 
   00945    1.0000   -1511.7509  0.2630 
   00946    1.0000   -1563.6950  0.2725 
   00947    1.0000   -1557.0078  0.2648 
   00948    1.0000   -1637.6506  0.2702 
   00949    1.0000   -1648.2216  0.2527 
   00950    1.0000   -1672.2120  0.2543 
   00951    1.0000   -1629.9221  0.2606 
   00952    1.0000   -1647.8109  0.2539 
   00953    1.0000   -1666.7172  0.2557 
   00954    1.0000   -1697.8436  0.2688 
   00955    1.0000   -1616.3122  0.2529 
   00956    1.0000   -1580.3038  0.2627 
   00957    1.0000   -1646.8385  0.2715 
   00958    1.0000   -1607.1300  0.2682 
   00959    1.0000   -1559.1209  0.2658 
   00960    1.0000   -1585.3683  0.2586 
   00961    1.0000   -1626.7911  0.2596 
   00962    1.0000   -1582.0495  0.2642 
   00963    1.0000   -1518.9805  0.2695 
   00964    1.0000   -1511.6552  0.2701 
   00965    1.0000   -1549.0266  0.2848 
   00966    1.0000   -1618.6243  0.2955 
   00967    1.0000   -1688.4629  0.2966 
   00968    1.0000   -1686.0287  0.2887 
   00969    1.0000   -1568.0157  0.2791 
   00970    1.0000   -1552.7920  0.2735 
   00971    1.0000   -1530.7448  0.2764 
   00972    1.0000   -1635.8871  0.2576 
   00973    1.0000   -1634.5587  0.2645 
   00974    1.0000   -1617.8168  0.2581 
   00975    1.0000   -1608.3221  0.2640 
   00976    1.0000   -1626.1666  0.2560 
   00977    1.0000   -1571.1068  0.2624 
   00978    1.0000   -1508.8043  0.2704 
   00979    1.0000   -1540.8153  0.2648 
   00980    1.0000   -1599.5690  0.2775 
   00981    1.0000   -1571.2261  0.2644 
   00982    1.0000   -1574.6790  0.2678 
   00983    1.0000   -1592.8916  0.2673 
   00984    1.0000   -1474.3281  0.2656 
   00985    1.0000   -1486.1804  0.2619 
   00986    1.0000   -1505.7017  0.2717 
   00987    1.0000   -1516.6232  0.2561 
   00988    1.0000   -1454.9935  0.2615 
   00989    1.0000   -1485.3629  0.2620 
   00990    1.0000   -1600.3916  0.2681 
   00991    1.0000   -1566.2515  0.2727 
   00992    1.0000   -1566.2931  0.2694 
   00993    1.0000   -1627.4640  0.2659 
   00994    1.0000   -1592.8882  0.2635 
   00995    1.0000   -1592.7066  0.2613 
   00996    1.0000   -1508.0302  0.2578 
   00997    1.0000   -1622.5424  0.2634 
   00998    1.0000   -1594.3821  0.2580 
   00999    1.0000   -1661.6866  0.2618 
   01000    1.0000   -1547.6067  0.2600 
