#=====================================================
# File created:        Thu-31-Oct-2024-at-02-25-41AM
# Size of lattice:     50x50
# Number of MC steps:  1000
# Reduced temperature: 0.500
# Run time (s):        3.860768
#=====================================================
# MC step:  Ratio:     Energy:   Order:
#=====================================================
   00000    0.5000   -2470.8140  0.2816 
   00001    1.0000   -2536.0142  0.2613 
   00002    1.0000   -2537.0631  0.2646 
   00003    1.0000   -2452.7962  0.2680 
   00004    1.0000   -2407.7780  0.2567 
   00005    1.0000   -2338.7284  0.2531 
   00006    1.0000   -2322.9662  0.2589 
   00007    1.0000   -2409.8301  0.2638 
   00008    1.0000   -2458.1535  0.2647 
   00009    1.0000   -2420.3598  0.2645 
   00010    1.0000   -2412.3511  0.2668 
   00011    1.0000   -2337.0466  0.2725 
   00012    1.0000   -2375.2486  0.2688 
   00013    1.0000   -2443.2257  0.2612 
   00014    1.0000   -2507.6863  0.2644 
   00015    1.0000   -2478.9254  0.2606 
   00016    1.0000   -2375.6944  0.2687 
   00017    1.0000   -2427.2981  0.2741 
   00018    1.0000   -2390.2374  0.2647 
   00019    1.0000   -2328.4614  0.2680 
   00020    1.0000   -2487.8036  0.2628 
   00021    1.0000   -2499.0593  0.2599 
   00022    1.0000   -2449.9445  0.2587 
   00023    1.0000   -2513.0132  0.2534 
   00024    1.0000   -2539.2428  0.2551 
   00025    1.0000   -2558.4581  0.2677 
   00026    1.0000   -2527.1445  0.2646 
   00027    1.0000   -2443.2137  0.2592 
   00028    1.0000   -2552.6987  0.2785 
   00029    1.0000   -2431.0317  0.2798 
   00030    1.0000   -2370.1791  0.2712 
   00031    1.0000   -2438.8621  0.2657 
   00032    1.0000   -2535.8199  0.2550 
   00033    1.0000   -2475.1657  0.2600 
   00034    1.0000   -2411.1848  0.2682 
   00035    1.0000   -2505.2478  0.2614 
   00036    1.0000   -2663.6970  0.2588 
   00037    1.0000   -2630.7541  0.2654 
   00038    1.0000   -2571.7273  0.2649 
   00039    1.0000   -2426.4111  0.2678 
   00040    1.0000   -2411.2117  0.2725 
   00041    1.0000   -2400.9353  0.2759 
   00042    1.0000   -2433.3810  0.2874 
   00043    1.0000   -2435.1452  0.2721 
   00044    1.0000   -2574.8294  0.2716 
   00045    1.0000   -2500.9008  0.2715 
   00046    1.0000   -2386.0292  0.2769 
   00047    1.0000   -2423.5602  0.2731 
   00048    1.0000   -2452.2966  0.2811 
   00049    1.0000   -2328.4722  0.2798 
   00050    1.0000   -2375.0931  0.2759 
   00051    1.0000   -2395.3708  0.2712 
   00052    1.0000   -2366.0141  0.2573 
   00053    1.0000   -2323.4765  0.2557 
   00054    1.0000   -2506.6331  0.2640 
   00055    1.0000   -2449.5044  0.2668 
   00056    1.0000   -2586.4897  0.2707 
   00057    1.0000   -2493.8293  0.2839 
   00058    1.0000   -2392.2322  0.2769 
   00059    1.0000   -2378.7030  0.2684 
   00060    1.0000   -2452.9799  0.2706 
   00061    1.0000   -2463.7572  0.2713 
   00062    1.0000   -2485.1659  0.2621 
   00063    1.0000   -2572.7620  0.2614 
   00064    1.0000   -2513.6398  0.2668 
   00065    1.0000   -2451.8765  0.2602 
   00066    1.0000   -2400.5781  0.2663 
   00067    1.0000   -2321.7540  0.2632 
   00068    1.0000   -2467.8092  0.2662 
   00069    1.0000   -2475.8799  0.2789 
   00070    1.0000   -2469.2446  0.2776 
   00071    1.0000   -2435.6758  0.2716 
   00072    1.0000   -2432.0784  0.2638 
   00073    1.0000   -2353.1665  0.2722 
   00074    1.0000   -2338.0005  0.2656 
   00075    0.0000   -2299.4302  0.2683 
   00076    1.0000   -2358.6368  0.2548 
   00077    1.0000   -2379.9179  0.2605 
   00078    1.0000   -2352.1905  0.2568 
   00079    1.0000   -2429.7556  0.2571 
   00080    1.0000   -2445.7010  0.2570 
   00081    1.0000   -2564.6827  0.2549 
   00082    1.0000   -2472.6146  0.2655 
   00083    1.0000   -2513.4916  0.2589 
   00084    1.0000   -2558.9044  0.2600 
   00085    1.0000   -2654.4428  0.2555 
   00086    1.0000   -2607.9801  0.2668 
   00087    1.0000   -2532.5838  0.2622 
   00088    1.0000   -2566.2657  0.2579 
   00089    1.0000   -2454.3160  0.2648 
   00090    1.0000   -2423.5992  0.2676 
   00091    1.0000   -2440.9949  0.2747 
   00092    1.0000   -2432.3312  0.2674 
   00093    1.0000   -2388.7170  0.2657 
   00094    1.0000   -2375.6545  0.2629 
   00095    1.0000   -2437.4622  0.2666 
   00096    1.0000   -2425.6296  0.2620 
   00097    1.0000   -2491.6166  0.2726 
   00098    1.0000   -2452.5168  0.2718 
   00099    1.0000   -2509.1476  0.2723 
   00100    1.0000   -2396.6401  0.2662 
   00101    1.0000   -2404.0165  0.2705 
   00102    1.0000   -2439.4168  0.2656 
   00103    1.0000   -2480.7817  0.2634 
   00104    1.0000   -2456.8130  0.2667 
   00105    1.0000   -2482.7936  0.2594 
   00106    1.0000   -2599.8076  0.2526 
   00107    1.0000   -2511.2690  0.2580 
   00108    1.0000   -2637.4640  0.2560 
   00109    1.0000   -2623.3743  0.2609 
   00110    1.0000   -2510.7104  0.2606 
   00111    1.0000   -2440.7176  0.2542 
   00112    1.0000   -2372.8945  0.2548 
   00113    1.0000   -2330.1582  0.2549 
   00114    1.0000   -2440.4629  0.2566 
   00115    1.0000   -2394.2825  0.2629 
   00116    1.0000   -2337.8927  0.2677 
   00117    1.0000   -2431.0572  0.2684 
   00118    1.0000   -2447.9273  0.2650 
   00119    1.0000   -2542.7796  0.2660 
   00120    1.0000   -2607.9786  0.2635 
   00121    1.0000   -2584.2059  0.2631 
   00122    1.0000   -2452.8970  0.2634 
   00123    1.0000   -2418.6024  0.2721 
   00124    1.0000   -2540.3221  0.2761 
   00125    0.0000   -2484.3291  0.2678 
   00126    1.0000   -2413.2720  0.2632 
   00127    1.0000   -2481.0291  0.2604 
   00128    1.0000   -2549.1510  0.2585 
   00129    1.0000   -2521.7150  0.2639 
   00130    1.0000   -2386.1472  0.2588 
   00131    1.0000   -2456.1030  0.2639 
   00132    1.0000   -2516.7517  0.2636 
   00133    1.0000   -2546.5436  0.2568 
   00134    1.0000   -2586.5153  0.2654 
   00135    1.0000   -2443.0919  0.2592 
   00136    1.0000   -2479.7755  0.2553 
   00137    1.0000   -2549.1920  0.2603 
   00138    1.0000   -2486.6932  0.2624 
   00139    1.0000   -2386.9857  0.2651 
   00140    1.0000   -2346.1681  0.2701 
   00141    1.0000   -2425.0443  0.2656 
   00142    1.0000   -2404.8964  0.2695 
   00143    1.0000   -2550.1662  0.2675 
   00144    1.0000   -2606.4795  0.2659 
   00145    1.0000   -2578.3413  0.2563 
   00146    1.0000   -2556.5145  0.2573 
   00147    1.0000   -2518.7441  0.2586 
   00148    1.0000   -2519.3860  0.2624 
   00149    1.0000   -2447.9307  0.2692 
   00150    1.0000   -2522.1700  0.2592 
   00151    1.0000   -2507.8700  0.2579 
   00152    1.0000   -2464.3988  0.2636 
   00153    1.0000   -2476.3004  0.2638 
   00154    1.0000   -2477.1986  0.2679 
   00155    1.0000   -2406.7829  0.2593 
   00156    1.0000   -2515.1366  0.2564 
   00157    1.0000   -2496.1402  0.2509 
   00158    1.0000   -2443.8025  0.2605 
   00159    1.0000   -2550.3802  0.2567 
   00160    1.0000   -2563.5541  0.2618 
   00161    1.0000   -2521.9115  0.2712 
   00162    1.0000   -2599.7106  0.2704 
   00163    1.0000   -2589.2701  0.2749 
   00164    1.0000   -2533.0136  0.2653 
   00165    1.0000   -2528.5117  0.2617 
   00166    1.0000   -2528.1721  0.2601 
   00167    1.0000   -2481.4543  0.2547 
   00168    1.0000   -2487.3816  0.2538 
   00169    1.0000   -2428.3935  0.2566 
   00170    1.0000   -2451.7531  0.2571 
   00171    1.0000   -2426.1383  0.2585 
   00172    1.0000   -2483.6087  0.2618 
   00173    1.0000   -2436.6071  0.2595 
   00174    1.0000   -2443.6479  0.2585 
   00175    1.0000   -2472.8114  0.2687 
   00176    1.0000   -2418.6343  0.2548 
   00177    1.0000   -2460.8043  0.2556 
   00178    1.0000   -2535.4104  0.2645 
   00179    1.0000   -2451.5606  0.2602 
   00180    1.0000   -2417.4085  0.2565 
   00181    1.0000   -2337.7880  0.2709 
   00182    1.0000   -2321.1877  0.2702 
   00183    1.0000   -2465.1055  0.2675 
   00184    1.0000   -2394.5385  0.2676 
   00185    1.0000   -2436.3526  0.2678 
   00186    1.0000   -2492.9563  0.2591 
   00187    1.0000   -2402.1697  0.2552 
   00188    1.0000   -2431.8428  0.2534 
   00189    1.0000   -2388.1787  0.2631 
   00190    1.0000   -2305.2367  0.2683 
   00191    1.0000   -2314.6152  0.2553 
   00192    1.0000   -2301.2489  0.2647 
   00193    1.0000   -2381.6801  0.2657 
   00194    1.0000   -2427.8302  0.2700 
   00195    1.0000   -2473.7649  0.2816 
   00196    1.0000   -2524.7859  0.2582 
   00197    1.0000   -2502.4566  0.2660 
   00198    1.0000   -2534.9445  0.2593 
   00199    1.0000   -2430.6057  0.2634 
   00200    1.0000   -2452.4668  0.2628 
   00201    1.0000   -2443.6970  0.2654 
   00202    1.0000   -2442.4370  0.2805 
   00203    1.0000   -2437.1036  0.2772 
   00204    1.0000   -2393.8152  0.2746 
   00205    1.0000   -2449.9345  0.2724 
   00206    1.0000   -2457.1187  0.2773 
   00207    1.0000   -2495.0514  0.2854 
   00208    1.0000   -2532.2006  0.2944 
   00209    1.0000   -2536.1013  0.2877 
   00210    1.0000   -2532.5098  0.2666 
   00211    1.0000   -2430.2309  0.2739 
   00212    1.0000   -2439.2652  0.2784 
   00213    1.0000   -2394.1958  0.2651 
   00214    1.0000   -2410.1872  0.2637 
   00215    1.0000   -2438.5560  0.2673 
   00216    1.0000   -2510.4312  0.2657 
   00217    1.0000   -2526.7053  0.2642 
   00218    1.0000   -2440.6061  0.2706 
   00219    1.0000   -2461.2443  0.2750 
   00220    1.0000   -2490.3113  0.2717 
   00221    1.0000   -2494.5517  0.2642 
   00222    1.0000   -2565.9637  0.2681 
   00223    1.0000   -2613.1605  0.2741 
   00224    1.0000   -2572.1373  0.2659 
   00225    1.0000   -2531.6618  0.2631 
   00226    1.0000   -2502.0053  0.2591 
   00227    1.0000   -2548.5632  0.2597 
   00228    1.0000   -2547.3713  0.2637 
   00229    1.0000   -2476.9920  0.2658 
   00230    1.0000   -2589.5633  0.2681 
   00231    1.0000   -2605.9803  0.2673 
   00232    1.0000   -2539.9832  0.2591 
   00233    1.0000   -2479.1915  0.2641 
   00234    1.0000   -2447.0231  0.2623 
   00235    1.0000   -2478.4071  0.2559 
   00236    1.0000   -2496.1930  0.2552 
   00237    1.0000   -2575.4489  0.2542 
   00238    1.0000   -2456.3246  0.2522 
   00239    1.0000   -2435.8866  0.2607 
   00240    1.0000   -2469.5773  0.2735 
   00241    1.0000   -2377.9722  0.2690 
   00242    1.0000   -2450.5889  0.2621 
   00243    1.0000   -2408.8987  0.2667 
   00244    1.0000   -2419.2981  0.2621 
   00245    1.0000   -2439.4169  0.2670 
   00246    1.0000   -2467.0319  0.2685 
   00247    1.0000   -2545.9891  0.2752 
   00248    1.0000   -2521.3043  0.2612 
   00249    1.0000   -2458.0825  0.2637 
   00250    1.0000   -2545.8647  0.2573 
   00251    1.0000   -2507.4956  0.2573 
   00252    1.0000   -2492.3108  0.2547 
   00253    1.0000   -2429.1463  0.2601 
   00254    1.0000   -2485.0133  0.2670 
   00255    1.0000   -2598.8349  0.2695 
   00256    1.0000   -2566.2014  0.2587 
   00257    1.0000   -2491.8201  0.2520 
   00258    1.0000   -2479.0568  0.2589 
   00259    1.0000   -2498.5195  0.2602 
   00260    1.0000   -2479.3382  0.2624 
   00261    1.0000   -2545.3846  0.2679 
   00262    1.0000   -2426.6269  0.2680 
   00263    1.0000   -2474.5538  0.2577 
   00264    1.0000   -2557.2664  0.2616 
   00265    1.0000   -2644.6126  0.2660 
   00266    1.0000   -2598.4469  0.2587 
   00267    1.0000   -2479.1599  0.2743 
   00268    1.0000   -2484.7781  0.2650 
   00269    1.0000   -2463.6441  0.2780 
   00270    1.0000   -2493.7176  0.2662 
   00271    1.0000   -2501.8009  0.2666 
   00272    1.0000   -2411.2037  0.2655 
   00273    1.0000   -2368.2697  0.2647 
   00274    1.0000   -2365.4893  0.2570 
   00275    1.0000   -2445.4531  0.2579 
   00276    1.0000   -2419.6961  0.2619 
   00277    1.0000   -2425.8755  0.2604 
   00278    1.0000   -2519.1684  0.2733 
   00279    1.0000   -2518.7043  0.2648 
   00280    1.0000   -2409.6605  0.2588 
   00281    1.0000   -2584.3483  0.2599 
   00282    1.0000   -2538.9587  0.2665 
   00283    1.0000   -2503.1445  0.2586 
   00284    1.0000   -2461.6720  0.2526 
   00285    1.0000   -2513.6172  0.2621 
   00286    1.0000   -2441.2974  0.2663 
   00287    1.0000   -2475.0268  0.2649 
   00288    1.0000   -2459.2896  0.2508 
   00289    1.0000   -2454.1090  0.2511 
   00290    1.0000   -2477.8850  0.2577 
   00291    1.0000   -2597.9683  0.2566 
   00292    1.0000   -2550.4925  0.2526 
   00293    1.0000   -2507.3163  0.2564 
   00294    1.0000   -2457.6138  0.2573 
   00295    1.0000   -2473.3350  0.2580 
   00296    1.0000   -2536.0205  0.2547 
   00297    1.0000   -2526.6502  0.2523 
   00298    1.0000   -2508.6493  0.2580 
   00299    1.0000   -2514.4844  0.2564 
   00300    1.0000   -2482.9964  0.2545 
   00301    1.0000   -2582.6899  0.2549 
   00302    1.0000   -2664.0385  0.2579 
   00303    1.0000   -2630.1790  0.2505 
   00304    1.0000   -2569.9471  0.2564 
   00305    1.0000   -2565.1430  0.2530 
   00306    1.0000   -2616.7397  0.2585 
   00307    1.0000   -2644.7556  0.2520 
   00308    1.0000   -2609.5566  0.2639 
   00309    1.0000   -2612.9764  0.2594 
   00310    1.0000   -2584.5572  0.2577 
   00311    1.0000   -2547.2598  0.2592 
   00312    1.0000   -2522.6946  0.2599 
   00313    1.0000   -2592.0982  0.2615 
   00314    1.0000   -2563.6866  0.2616 
   00315    1.0000   -2618.2577  0.2587 
   00316    1.0000   -2508.8391  0.2652 
   00317    1.0000   -2479.3374  0.2654 
   00318    1.0000   -2420.0382  0.2729 
   00319    1.0000   -2437.1454  0.2611 
   00320    1.0000   -2530.1066  0.2712 
   00321    1.0000   -2596.6841  0.2570 
   00322    1.0000   -2492.8314  0.2707 
   00323    1.0000   -2376.5854  0.2646 
   00324    1.0000   -2326.4327  0.2598 
   00325    1.0000   -2406.2659  0.2623 
   00326    1.0000   -2474.0555  0.2662 
   00327    1.0000   -2486.4854  0.2533 
   00328    1.0000   -2495.5064  0.2633 
   00329    1.0000   -2448.9166  0.2723 
   00330    1.0000   -2446.4823  0.2591 
   00331    1.0000   -2333.4459  0.2525 
   00332    1.0000   -2411.9152  0.2553 
   00333    1.0000   -2394.4496  0.2624 
   00334    1.0000   -2425.4100  0.2574 
   00335    1.0000   -2446.8207  0.2561 
   00336    1.0000   -2560.8070  0.2617 
   00337    1.0000   -2519.6359  0.2672 
   00338    1.0000   -2462.7893  0.2686 
   00339    1.0000   -2443.7587  0.2774 
   00340    1.0000   -2447.1535  0.2615 
   00341    1.0000   -2479.1970  0.2532 
   00342    1.0000   -2503.5986  0.2571 
   00343    1.0000   -2611.3772  0.2594 
   00344    1.0000   -2579.6242  0.2698 
   00345    1.0000   -2434.9515  0.2717 
   00346    1.0000   -2482.0321  0.2701 
   00347    1.0000   -2370.5559  0.2644 
   00348    1.0000   -2498.0269  0.2697 
   00349    1.0000   -2490.3273  0.2674 
   00350    1.0000   -2390.1832  0.2678 
   00351    1.0000   -2389.3491  0.2649 
   00352    1.0000   -2384.8421  0.2715 
   00353    1.0000   -2431.8378  0.2646 
   00354    1.0000   -2531.2007  0.2607 
   00355    1.0000   -2468.9629  0.2681 
   00356    1.0000   -2583.8153  0.2704 
   00357    1.0000   -2586.1060  0.2536 
   00358    1.0000   -2562.7918  0.2553 
   00359    1.0000   -2598.8484  0.2580 
   00360    1.0000   -2549.4936  0.2584 
   00361    1.0000   -2533.1802  0.2560 
   00362    1.0000   -2567.5112  0.2627 
   00363    1.0000   -2452.6417  0.2591 
   00364    1.0000   -2408.0483  0.2579 
   00365    1.0000   -2433.9867  0.2648 
   00366    1.0000   -2426.2908  0.2587 
   00367    1.0000   -2409.2311  0.2526 
   00368    1.0000   -2343.3525  0.2642 
   00369    1.0000   -2287.5107  0.2665 
   00370    1.0000   -2435.4124  0.2592 
   00371    1.0000   -2492.6081  0.2554 
   00372    1.0000   -2512.5678  0.2584 
   00373    1.0000   -2524.4655  0.2588 
   00374    1.0000   -2497.7422  0.2535 
   00375    1.0000   -2512.4184  0.2576 
   00376    1.0000   -2494.6429  0.2573 
   00377    1.0000   -2498.1527  0.2522 
   00378    1.0000   -2424.0884  0.2640 
   00379    1.0000   -2506.7396  0.2704 
   00380    1.0000   -2503.8959  0.2676 
   00381    1.0000   -2483.3155  0.2611 
   00382    1.0000   -2499.2708  0.2596 
   00383    1.0000   -2594.8521  0.2596 
   00384    1.0000   -2457.2482  0.2600 
   00385    1.0000   -2537.3069  0.2536 
   00386    1.0000   -2539.8480  0.2594 
   00387    1.0000   -2505.4651  0.2600 
   00388    1.0000   -2540.6434  0.2506 
   00389    1.0000   -2498.7775  0.2554 
   00390    1.0000   -2518.0907  0.2610 
   00391    1.0000   -2413.4226  0.2552 
   00392    1.0000   -2556.9634  0.2610 
   00393    1.0000   -2518.6566  0.2614 
   00394    1.0000   -2506.2141  0.2604 
   00395    1.0000   -2559.8184  0.2554 
   00396    1.0000   -2529.0672  0.2591 
   00397    1.0000   -2604.5222  0.2661 
   00398    1.0000   -2579.7946  0.2598 
   00399    1.0000   -2417.8444  0.2677 
   00400    1.0000   -2427.9624  0.2659 
   00401    1.0000   -2431.1665  0.2692 
   00402    1.0000   -2456.7222  0.2699 
   00403    1.0000   -2591.1125  0.2725 
   00404    1.0000   -2452.0922  0.2703 
   00405    1.0000   -2565.9511  0.2615 
   00406    1.0000   -2676.0421  0.2588 
   00407    1.0000   -2706.2512  0.2613 
   00408    1.0000   -2689.5818  0.2612 
   00409    1.0000   -2638.9119  0.2635 
   00410    1.0000   -2611.2435  0.2657 
   00411    1.0000   -2599.1164  0.2614 
   00412    1.0000   -2593.9910  0.2562 
   00413    1.0000   -2541.2607  0.2527 
   00414    1.0000   -2455.8886  0.2630 
   00415    1.0000   -2450.1631  0.2659 
   00416    1.0000   -2461.1932  0.2653 
   00417    1.0000   -2464.0180  0.2696 
   00418    1.0000   -2363.6440  0.2721 
   00419    1.0000   -2399.5359  0.2671 
   00420    1.0000   -2427.2144  0.2596 
   00421    1.0000   -2338.2091  0.2509 
   00422    1.0000   -2468.4243  0.2636 
   00423    1.0000   -2544.6786  0.2616 
   00424    1.0000   -2514.6690  0.2630 
   00425    1.0000   -2530.7561  0.2564 
   00426    1.0000   -2415.7546  0.2601 
   00427    1.0000   -2330.1465  0.2539 
   00428    1.0000   -2288.5502  0.2550 
   00429    1.0000   -2396.0942  0.2566 
   00430    1.0000   -2379.3490  0.2694 
   00431    1.0000   -2413.4134  0.2653 
   00432    1.0000   -2349.7256  0.2592 
   00433    1.0000   -2427.4354  0.2647 
   00434    1.0000   -2369.2648  0.2588 
   00435    1.0000   -2487.7115  0.2645 
   00436    1.0000   -2548.4769  0.2646 
   00437    1.0000   -2542.6477  0.2630 
   00438    1.0000   -2526.4446  0.2518 
   00439    1.0000   -2449.7353  0.2565 
   00440    1.0000   -2532.1624  0.2538 
   00441    1.0000   -2423.0709  0.2564 
   00442    1.0000   -2483.8180  0.2609 
   00443    1.0000   -2557.8490  0.2542 
   00444    1.0000   -2546.8778  0.2571 
   00445    1.0000   -2511.6717  0.2587 
   00446    1.0000   -2525.6520  0.2684 
   00447    1.0000   -2469.9437  0.2678 
   00448    1.0000   -2474.2405  0.2642 
   00449    1.0000   -2505.3907  0.2708 
   00450    1.0000   -2466.8245  0.2781 
   00451    1.0000   -2501.7920  0.2689 
   00452    1.0000   -2555.9226  0.2679 
   00453    1.0000   -2522.7872  0.2624 
   00454    1.0000   -2485.1250  0.2708 
   00455    1.0000   -2498.2884  0.2661 
   00456    1.0000   -2539.0653  0.2684 
   00457    1.0000   -2536.1182  0.2668 
   00458    1.0000   -2424.3184  0.2687 
   00459    1.0000   -2473.5586  0.2663 
   00460    1.0000   -2612.1219  0.2610 
   00461    1.0000   -2532.5009  0.2583 
   00462    0.0000   -2537.1408  0.2605 
   00463    1.0000   -2565.1120  0.2631 
   00464    1.0000   -2528.9441  0.2667 
   00465    1.0000   -2496.1027  0.2670 
   00466    1.0000   -2423.2546  0.2587 
   00467    1.0000   -2354.8952  0.2567 
   00468    1.0000   -2401.9810  0.2585 
   00469    1.0000   -2441.9809  0.2576 
   00470    1.0000   -2601.3101  0.2593 
   00471    1.0000   -2531.0375  0.2680 
   00472    1.0000   -2449.5421  0.2674 
   00473    1.0000   -2532.5663  0.2726 
   00474    1.0000   -2579.8966  0.2697 
   00475    1.0000   -2624.9732  0.2628 
   00476    1.0000   -2578.7061  0.2621 
   00477    1.0000   -2545.2059  0.2612 
   00478    1.0000   -2443.7906  0.2545 
   00479    1.0000   -2497.6667  0.2622 
   00480    1.0000   -2519.6127  0.2566 
   00481    1.0000   -2554.1871  0.2674 
   00482    1.0000   -2648.8509  0.2566 
   00483    1.0000   -2649.4845  0.2600 
   00484    1.0000   -2520.6920  0.2591 
   00485    1.0000   -2432.5836  0.2600 
   00486    1.0000   -2337.6127  0.2555 
   00487    1.0000   -2478.9072  0.2513 
   00488    1.0000   -2564.4966  0.2599 
   00489    1.0000   -2529.2477  0.2560 
   00490    1.0000   -2595.0365  0.2585 
   00491    1.0000   -2501.0113  0.2641 
   00492    1.0000   -2603.7943  0.2620 
   00493    1.0000   -2553.1575  0.2683 
   00494    1.0000   -2562.6022  0.2503 
   00495    1.0000   -2565.6540  0.2604 
   00496    1.0000   -2688.1163  0.2541 
   00497    1.0000   -2553.7081  0.2580 
   00498    1.0000   -2548.2028  0.2601 
   00499    1.0000   -2519.3814  0.2641 
   00500    1.0000   -2471.8172  0.2551 
   00501    1.0000   -2378.4239  0.2535 
   00502    1.0000   -2383.7600  0.2582 
   00503    1.0000   -2515.8785  0.2607 
   00504    1.0000   -2495.7710  0.2566 
   00505    1.0000   -2458.5110  0.2566 
   00506    1.0000   -2475.8737  0.2591 
   00507    1.0000   -2471.1709  0.2599 
   00508    1.0000   -2454.5556  0.2511 
   00509    1.0000   -2561.9960  0.2656 
   00510    1.0000   -2569.7687  0.2627 
   00511    1.0000   -2568.6554  0.2613 
   00512    1.0000   -2524.0466  0.2591 
   00513    1.0000   -2623.7155  0.2564 
   00514    1.0000   -2650.1161  0.2530 
   00515    1.0000   -2663.6734  0.2512 
   00516    1.0000   -2627.5451  0.2568 
   00517    1.0000   -2616.6394  0.2672 
   00518    1.0000   -2545.7089  0.2731 
   00519    1.0000   -2581.1354  0.2696 
   00520    1.0000   -2620.7593  0.2712 
   00521    1.0000   -2559.4853  0.2550 
   00522    1.0000   -2554.4311  0.2566 
   00523    1.0000   -2583.0992  0.2652 
   00524    1.0000   -2532.1776  0.2739 
   00525    1.0000   -2424.2347  0.2727 
   00526    1.0000   -2467.0726  0.2702 
   00527    1.0000   -2504.0024  0.2697 
   00528    1.0000   -2547.8937  0.2682 
   00529    1.0000   -2505.6458  0.2585 
   00530    1.0000   -2444.7325  0.2599 
   00531    1.0000   -2515.3164  0.2522 
   00532    1.0000   -2574.1831  0.2542 
   00533    1.0000   -2489.0275  0.2632 
   00534    1.0000   -2505.2539  0.2647 
   00535    1.0000   -2578.9926  0.2578 
   00536    1.0000   -2601.8988  0.2638 
   00537    1.0000   -2632.4885  0.2609 
   00538    1.0000   -2619.1382  0.2565 
   00539    1.0000   -2589.1756  0.2604 
   00540    1.0000   -2550.9690  0.2596 
   00541    1.0000   -2570.3712  0.2668 
   00542    1.0000   -2601.9512  0.2640 
   00543    1.0000   -2585.6635  0.2622 
   00544    1.0000   -2541.5553  0.2575 
   00545    1.0000   -2582.4739  0.2610 
   00546    1.0000   -2476.9594  0.2665 
   00547    1.0000   -2438.5498  0.2679 
   00548    1.0000   -2469.6592  0.2606 
   00549    0.0000   -2405.8564  0.2623 
   00550    1.0000   -2425.8035  0.2671 
   00551    1.0000   -2488.2107  0.2588 
   00552    1.0000   -2583.3604  0.2585 
   00553    1.0000   -2600.2412  0.2684 
   00554    1.0000   -2703.9051  0.2669 
   00555    1.0000   -2676.0961  0.2663 
   00556    1.0000   -2582.3279  0.2630 
   00557    1.0000   -2606.1011  0.2625 
   00558    1.0000   -2528.0973  0.2668 
   00559    1.0000   -2514.9256  0.2593 
   00560    1.0000   -2535.5152  0.2627 
   00561    1.0000   -2569.2220  0.2609 
   00562    1.0000   -2593.1029  0.2644 
   00563    1.0000   -2625.7599  0.2546 
   00564    1.0000   -2558.4672  0.2629 
   00565    1.0000   -2614.7661  0.2742 
   00566    1.0000   -2504.0579  0.2604 
   00567    1.0000   -2473.5809  0.2639 
   00568    1.0000   -2456.1260  0.2718 
   00569    1.0000   -2434.7359  0.2841 
   00570    1.0000   -2375.5390  0.2656 
   00571    1.0000   -2396.4105  0.2671 
   00572    1.0000   -2441.3801  0.2667 
   00573    1.0000   -2533.9418  0.2715 
   00574    1.0000   -2543.1761  0.2720 
   00575    1.0000   -2513.7324  0.2670 
   00576    1.0000   -2568.5283  0.2754 
   00577    1.0000   -2534.2026  0.2766 
   00578    1.0000   -2583.7698  0.2733 
   00579    1.0000   -2608.8583  0.2749 
   00580    1.0000   -2533.1588  0.2741 
   00581    0.0000   -2488.0701  0.2756 
   00582    1.0000   -2500.2288  0.2709 
   00583    1.0000   -2538.5153  0.2704 
   00584    1.0000   -2621.0524  0.2636 
   00585    1.0000   -2615.4350  0.2572 
   00586    1.0000   -2630.6375  0.2661 
   00587    1.0000   -2536.0492  0.2647 
   00588    1.0000   -2558.4679  0.2608 
   00589    1.0000   -2528.4317  0.2590 
   00590    1.0000   -2448.3166  0.2549 
   00591    1.0000   -2453.4155  0.2563 
   00592    1.0000   -2477.6958  0.2680 
   00593    1.0000   -2552.2122  0.2671 
   00594    1.0000   -2517.9176  0.2715 
   00595    1.0000   -2614.4196  0.2685 
   00596    1.0000   -2622.1675  0.2702 
   00597    1.0000   -2545.6772  0.2728 
   00598    1.0000   -2507.7988  0.2701 
   00599    1.0000   -2508.1411  0.2634 
   00600    1.0000   -2633.2220  0.2581 
   00601    1.0000   -2710.3938  0.2580 
   00602    1.0000   -2631.8151  0.2527 
   00603    1.0000   -2572.9706  0.2543 
   00604    1.0000   -2657.9791  0.2546 
   00605    1.0000   -2584.1025  0.2528 
   00606    1.0000   -2606.2139  0.2587 
   00607    1.0000   -2488.2692  0.2599 
   00608    1.0000   -2418.7161  0.2615 
   00609    1.0000   -2442.1299  0.2589 
   00610    1.0000   -2436.4986  0.2660 
   00611    1.0000   -2538.8315  0.2620 
   00612    1.0000   -2539.5818  0.2597 
   00613    1.0000   -2500.9381  0.2524 
   00614    1.0000   -2503.8085  0.2556 
   00615    1.0000   -2540.6528  0.2560 
   00616    1.0000   -2505.7800  0.2584 
   00617    1.0000   -2434.3739  0.2562 
   00618    1.0000   -2443.0147  0.2660 
   00619    1.0000   -2457.5712  0.2645 
   00620    1.0000   -2409.7306  0.2655 
   00621    1.0000   -2479.7708  0.2621 
   00622    1.0000   -2528.0140  0.2519 
   00623    1.0000   -2603.3432  0.2588 
   00624    1.0000   -2467.3751  0.2659 
   00625    1.0000   -2532.7683  0.2662 
   00626    1.0000   -2440.4817  0.2626 
   00627    1.0000   -2470.1091  0.2641 
   00628    1.0000   -2469.1098  0.2631 
   00629    1.0000   -2438.9174  0.2631 
   00630    1.0000   -2486.5075  0.2566 
   00631    1.0000   -2515.0055  0.2679 
   00632    1.0000   -2493.3534  0.2628 
   00633    1.0000   -2525.9814  0.2579 
   00634    1.0000   -2612.5518  0.2568 
   00635    1.0000   -2562.0962  0.2587 
   00636    1.0000   -2579.8306  0.2542 
   00637    1.0000   -2637.9003  0.2569 
   00638    1.0000   -2592.1057  0.2614 
   00639    1.0000   -2626.6571  0.2526 
   00640    1.0000   -2482.1147  0.2513 
   00641    1.0000   -2428.2943  0.2629 
   00642    1.0000   -2550.5716  0.2568 
   00643    1.0000   -2521.5462  0.2556 
   00644    1.0000   -2463.6692  0.2616 
   00645    1.0000   -2493.6927  0.2591 
   00646    1.0000   -2417.2464  0.2577 
   00647    1.0000   -2533.3822  0.2677 
   00648    1.0000   -2557.0944  0.2622 
   00649    1.0000   -2526.1025  0.2558 
   00650    1.0000   -2491.1090  0.2606 
   00651    1.0000   -2497.3224  0.2620 
   00652    1.0000   -2624.6296  0.2683 
   00653    1.0000   -2534.1447  0.2611 
   00654    1.0000   -2650.8150  0.2655 
   00655    1.0000   -2552.2087  0.2610 
   00656    1.0000   -2596.7081  0.2584 
   00657    1.0000   -2580.3674  0.2600 
   00658    1.0000   -2568.8276  0.2577 
   00659    1.0000   -2531.6580  0.2566 
   00660    1.0000   -2418.4828  0.2583 
   00661    1.0000   -2428.7918  0.2570 
   00662    1.0000   -2469.1774  0.2577 
   00663    1.0000   -2541.1285  0.2530 
   00664    1.0000   -2562.1716  0.2573 
   00665    1.0000   -2541.3968  0.2626 
   00666    1.0000   -2552.0796  0.2593 
   00667    1.0000   -2533.3832  0.2677 
   00668    1.0000   -2630.2445  0.2766 
   00669    1.0000   -2790.1671  0.2741 
   00670    1.0000   -2780.7983  0.2670 
   00671    1.0000   -2664.4821  0.2643 
   00672    1.0000   -2611.9219  0.2682 
   00673    1.0000   -2649.4646  0.2653 
   00674    1.0000   -2565.5929  0.2579 
   00675    1.0000   -2493.2307  0.2586 
   00676    1.0000   -2448.0693  0.2635 
   00677    1.0000   -2505.7294  0.2552 
   00678    1.0000   -2485.0244  0.2559 
   00679    1.0000   -2581.7711  0.2579 
   00680    1.0000   -2667.2227  0.2577 
   00681    1.0000   -2603.7991  0.2573 
   00682    1.0000   -2564.3971  0.2592 
   00683    1.0000   -2576.4632  0.2566 
   00684    1.0000   -2581.7599  0.2627 
   00685    1.0000   -2602.4223  0.2619 
   00686    1.0000   -2635.3448  0.2682 
   00687    1.0000   -2681.0489  0.2779 
   00688    1.0000   -2637.6539  0.2746 
   00689    1.0000   -2633.3119  0.2591 
   00690    1.0000   -2563.9505  0.2611 
   00691    1.0000   -2529.3795  0.2528 
   00692    1.0000   -2598.2128  0.2586 
   00693    1.0000   -2557.4157  0.2562 
   00694    1.0000   -2601.7755  0.2638 
   00695    1.0000   -2600.5656  0.2693 
   00696    1.0000   -2611.0246  0.2755 
   00697    1.0000   -2583.0537  0.2766 
   00698    1.0000   -2584.3125  0.2742 
   00699    1.0000   -2578.1096  0.2709 
   00700    1.0000   -2479.6495  0.2798 
   00701    1.0000   -2463.0469  0.2832 
   00702    1.0000   -2479.9254  0.2756 
   00703    1.0000   -2438.4777  0.2629 
   00704    1.0000   -2434.5398  0.2621 
   00705    1.0000   -2447.3580  0.2657 
   00706    1.0000   -2517.5866  0.2579 
   00707    1.0000   -2520.2951  0.2544 
   00708    1.0000   -2528.0823  0.2549 
   00709    1.0000   -2555.6189  0.2553 
   00710    1.0000   -2536.4520  0.2570 
   00711    1.0000   -2561.6495  0.2652 
   00712    1.0000   -2454.7104  0.2652 
   00713    1.0000   -2434.2639  0.2518 
   00714    1.0000   -2517.1117  0.2550 
   00715    1.0000   -2526.7303  0.2565 
   00716    1.0000   -2539.8448  0.2560 
   00717    1.0000   -2601.8515  0.2560 
   00718    1.0000   -2619.5524  0.2609 
   00719    1.0000   -2566.3428  0.2565 
   00720    1.0000   -2538.1055  0.2558 
   00721    1.0000   -2503.7452  0.2625 
   00722    1.0000   -2515.8323  0.2555 
   00723    1.0000   -2500.6498  0.2556 
   00724    0.0000   -2424.6918  0.2530 
   00725    0.0000   -2348.3196  0.2567 
   00726    1.0000   -2465.8555  0.2622 
   00727    1.0000   -2387.6481  0.2625 
   00728    1.0000   -2461.3965  0.2628 
   00729    1.0000   -2460.5562  0.2620 
   00730    1.0000   -2536.2669  0.2548 
   00731    1.0000   -2472.1859  0.2678 
   00732    1.0000   -2483.6214  0.2617 
   00733    1.0000   -2538.5410  0.2692 
   00734    1.0000   -2551.5422  0.2689 
   00735    1.0000   -2598.3522  0.2587 
   00736    1.0000   -2522.0834  0.2569 
   00737    1.0000   -2433.5044  0.2591 
   00738    1.0000   -2411.1525  0.2602 
   00739    1.0000   -2453.6309  0.2704 
   00740    1.0000   -2537.9484  0.2675 
   00741    1.0000   -2501.3341  0.2699 
   00742    1.0000   -2505.1737  0.2776 
   00743    1.0000   -2566.6152  0.2708 
   00744    1.0000   -2566.4407  0.2623 
   00745    1.0000   -2622.4445  0.2576 
   00746    1.0000   -2623.2619  0.2682 
   00747    1.0000   -2540.9327  0.2611 
   00748    1.0000   -2481.0482  0.2632 
   00749    1.0000   -2539.0672  0.2509 
   00750    1.0000   -2503.7956  0.2639 
   00751    1.0000   -2393.8723  0.2618 
   00752    1.0000   -2456.1310  0.2628 
   00753    1.0000   -2404.2235  0.2626 
   00754    1.0000   -2393.2911  0.2563 
   00755    1.0000   -2391.7600  0.2737 
   00756    1.0000   -2491.2933  0.2530 
   00757    1.0000   -2521.0359  0.2545 
   00758    1.0000   -2555.1813  0.2653 
   00759    1.0000   -2636.2698  0.2621 
   00760    1.0000   -2603.2382  0.2575 
   00761    1.0000   -2571.4578  0.2541 
   00762    1.0000   -2577.4860  0.2548 
   00763    1.0000   -2483.2080  0.2626 
   00764    1.0000   -2430.5726  0.2646 
   00765    1.0000   -2539.7494  0.2775 
   00766    1.0000   -2546.6653  0.2699 
   00767    1.0000   -2554.1751  0.2603 
   00768    1.0000   -2551.4191  0.2711 
   00769    1.0000   -2506.9380  0.2654 
   00770    1.0000   -2534.9224  0.2623 
   00771    1.0000   -2536.8539  0.2578 
   00772    1.0000   -2492.9486  0.2505 
   00773    1.0000   -2608.0409  0.2514 
   00774    1.0000   -2581.3246  0.2632 
   00775    1.0000   -2543.9626  0.2734 
   00776    1.0000   -2494.2928  0.2694 
   00777    1.0000   -2529.1744  0.2769 
   00778    1.0000   -2495.3198  0.2751 
   00779    0.0000   -2487.4810  0.2657 
   00780    1.0000   -2449.4442  0.2643 
   00781    1.0000   -2516.4998  0.2689 
   00782    1.0000   -2541.5618  0.2642 
   00783    1.0000   -2492.0735  0.2615 
   00784    1.0000   -2616.8866  0.2623 
   00785    1.0000   -2499.7055  0.2645 
   00786    1.0000   -2494.2007  0.2593 
   00787    1.0000   -2613.0855  0.2539 
   00788    1.0000   -2578.6292  0.2566 
   00789    1.0000   -2536.3896  0.2613 
   00790    1.0000   -2544.2503  0.2616 
   00791    1.0000   -2515.5742  0.2588 
   00792    1.0000   -2457.1071  0.2665 
   00793    1.0000   -2395.5379  0.2582 
   00794    1.0000   -2518.8723  0.2571 
   00795    1.0000   -2425.7148  0.2502 
   00796    1.0000   -2441.0013  0.2580 
   00797    1.0000   -2540.0643  0.2586 
   00798    1.0000   -2493.6707  0.2661 
   00799    1.0000   -2506.8072  0.2607 
   00800    1.0000   -2478.2703  0.2572 
   00801    1.0000   -2478.6711  0.2537 
   00802    1.0000   -2465.2019  0.2589 
   00803    1.0000   -2527.0085  0.2517 
   00804    1.0000   -2515.6591  0.2599 
   00805    1.0000   -2462.7088  0.2625 
   00806    1.0000   -2397.3293  0.2650 
   00807    1.0000   -2416.6912  0.2697 
   00808    1.0000   -2525.1061  0.2616 
   00809    1.0000   -2637.3300  0.2638 
   00810    1.0000   -2629.9105  0.2681 
   00811    1.0000   -2592.0182  0.2720 
   00812    1.0000   -2560.8958  0.2634 
   00813    1.0000   -2546.9672  0.2604 
   00814    1.0000   -2542.0592  0.2695 
   00815    1.0000   -2539.1926  0.2686 
   00816    1.0000   -2618.0312  0.2666 
   00817    1.0000   -2556.0621  0.2586 
   00818    1.0000   -2655.4334  0.2577 
   00819    1.0000   -2603.4921  0.2627 
   00820    1.0000   -2561.6837  0.2632 
   00821    1.0000   -2597.5031  0.2541 
   00822    1.0000   -2602.3851  0.2528 
   00823    1.0000   -2504.0695  0.2554 
   00824    1.0000   -2513.5166  0.2701 
   00825    1.0000   -2514.9286  0.2702 
   00826    1.0000   -2491.8587  0.2658 
   00827    1.0000   -2615.1074  0.2593 
   00828    1.0000   -2713.3472  0.2576 
   00829    1.0000   -2654.6667  0.2548 
   00830    1.0000   -2545.1305  0.2585 
   00831    1.0000   -2505.3985  0.2719 
   00832    1.0000   -2413.1543  0.2772 
   00833    1.0000   -2524.9134  0.2763 
   00834    1.0000   -2453.0889  0.2639 
   00835    1.0000   -2535.6788  0.2727 
   00836    1.0000   -2574.4821  0.2753 
   00837    1.0000   -2463.8949  0.2691 
   00838    1.0000   -2546.0033  0.2599 
   00839    1.0000   -2533.5312  0.2674 
   00840    1.0000   -2464.3060  0.2571 
   00841    1.0000   -2524.0961  0.2552 
   00842    1.0000   -2579.9559  0.2613 
   00843    1.0000   -2599.0868  0.2630 
   00844    1.0000   -2482.4756  0.2548 
   00845    1.0000   -2480.4409  0.2641 
   00846    1.0000   -2489.3898  0.2620 
   00847    1.0000   -2620.2100  0.2701 
   00848    1.0000   -2623.4112  0.2668 
   00849    1.0000   -2575.5397  0.2607 
   00850    1.0000   -2429.8048  0.2571 
   00851    1.0000   -2459.4690  0.2675 
   00852    1.0000   -2582.0210  0.2672 
   00853    1.0000   -2596.5968  0.2600 
   00854    1.0000   -2602.0484  0.2580 
   00855    1.0000   -2435.6634  0.2593 
   00856    1.0000   -2506.0823  0.2640 
   00857    1.0000   -2455.9669  0.2680 
   00858    1.0000   -2488.1051  0.2672 
   00859    1.0000   -2593.3389  0.2756 
   00860    1.0000   -2555.3371  0.2736 
   00861    1.0000   -2594.0162  0.2696 
   00862    1.0000   -2566.7249  0.2756 
   00863    1.0000   -2490.8250  0.2658 
   00864    1.0000   -2481.4829  0.2647 
   00865    1.0000   -2526.6143  0.2558 
   00866    1.0000   -2467.1973  0.2558 
   00867    1.0000   -2386.0796  0.2568 
   00868    1.0000   -2370.3363  0.2608 
   00869    1.0000   -2402.5906  0.2671 
   00870    1.0000   -2444.6996  0.2657 
   00871    1.0000   -2413.0878  0.2717 
   00872    1.0000   -2399.8582  0.2595 
   00873    1.0000   -2472.7944  0.2532 
   00874    1.0000   -2534.9317  0.2557 
   00875    1.0000   -2437.4727  0.2554 
   00876    1.0000   -2354.6919  0.2617 
   00877    1.0000   -2449.8272  0.2605 
   00878    1.0000   -2379.3720  0.2522 
   00879    1.0000   -2447.7602  0.2589 
   00880    1.0000   -2411.9887  0.2550 
   00881    1.0000   -2506.1808  0.2555 
   00882    1.0000   -2588.6896  0.2551 
   00883    1.0000   -2616.0968  0.2559 
   00884    1.0000   -2586.1259  0.2510 
   00885    1.0000   -2493.2558  0.2548 
   00886    1.0000   -2429.0836  0.2571 
   00887    1.0000   -2445.3232  0.2637 
   00888    1.0000   -2446.8263  0.2675 
   00889    1.0000   -2470.8382  0.2669 
   00890    1.0000   -2390.8277  0.2678 
   00891    1.0000   -2523.4997  0.2662 
   00892    1.0000   -2496.7856  0.2628 
   00893    1.0000   -2506.1334  0.2592 
   00894    1.0000   -2529.7579  0.2687 
   00895    1.0000   -2453.8672  0.2602 
   00896    1.0000   -2430.2369  0.2648 
   00897    1.0000   -2531.3716  0.2626 
   00898    1.0000   -2473.5735  0.2554 
   00899    1.0000   -2554.4285  0.2662 
   00900    1.0000   -2531.1156  0.2686 
   00901    1.0000   -2565.8231  0.2535 
   00902    1.0000   -2627.9993  0.2541 
   00903    1.0000   -2667.5240  0.2651 
   00904    1.0000   -2645.1320  0.2634 
   00905    1.0000   -2551.6207  0.2552 
   00906    1.0000   -2508.4864  0.2542 
   00907    1.0000   -2616.7853  0.2587 
   00908    1.0000   -2596.6606  0.2619 
   00909    1.0000   -2568.1487  0.2554 
   00910    1.0000   -2603.1017  0.2561 
   00911    1.0000   -2530.3896  0.2562 
   00912    1.0000   -2518.6021  0.2544 
   00913    1.0000   -2468.2490  0.2528 
   00914    1.0000   -2440.8887  0.2625 
   00915    1.0000   -2449.2081  0.2635 
   00916    1.0000   -2403.9279  0.2633 
   00917    1.0000   -2440.0904  0.2708 
   00918    1.0000   -2474.2358  0.2663 
   00919    1.0000   -2448.8695  0.2635 
   00920    1.0000   -2409.7050  0.2572 
   00921    1.0000   -2466.8595  0.2704 
   00922    1.0000   -2500.9831  0.2654 
   00923    1.0000   -2473.7811  0.2593 
   00924    1.0000   -2484.2660  0.2628 
   00925    1.0000   -2511.7690  0.2567 
   00926    1.0000   -2515.7823  0.2530 
   00927    1.0000   -2459.9601  0.2608 
   00928    1.0000   -2594.1046  0.2640 
   00929    1.0000   -2523.6493  0.2636 
   00930    1.0000   -2467.0011  0.2635 
   00931    1.0000   -2536.7042  0.2602 
   00932    1.0000   -2543.7115  0.2672 
   00933    1.0000   -2499.8486  0.2615 
   00934    1.0000   -2542.0677  0.2540 
   00935    1.0000   -2539.9362  0.2564 
   00936    1.0000   -2501.7234  0.2659 
   00937    1.0000   -2556.6777  0.2587 
   00938    1.0000   -2481.2188  0.2588 
   00939    1.0000   -2446.8928  0.2553 
   00940    1.0000   -2423.2188  0.2579 
   00941    1.0000   -2470.2288  0.2583 
   00942    1.0000   -2463.9166  0.2639 
   00943    1.0000   -2475.5412  0.2652 
   00944    1.0000   -2519.9306  0.2696 
   00945    1.0000   -2460.5008  0.2725 
   00946    1.0000   -2466.7431  0.2632 
   00947    1.0000   -2471.4293  0.2673 
   00948    1.0000   -2417.3033  0.2732 
   00949    1.0000   -2508.2267  0.2688 
   00950    1.0000   -2543.5944  0.2780 
   00951    1.0000   -2583.9582  0.2711 
   00952    1.0000   -2593.4570  0.2755 
   00953    1.0000   -2487.2458  0.2662 
   00954    1.0000   -2550.3750  0.2534 
   00955    1.0000   -2569.3829  0.2579 
   00956    1.0000   -2552.3354  0.2571 
   00957    1.0000   -2571.0032  0.2695 
   00958    1.0000   -2469.1295  0.2557 
   00959    1.0000   -2473.7528  0.2645 
   00960    1.0000   -2428.8153  0.2631 
   00961    1.0000   -2421.1734  0.2609 
   00962    1.0000   -2421.4452  0.2562 
   00963    1.0000   -2465.7126  0.2580 
   00964    1.0000   -2575.7799  0.2560 
   00965    1.0000   -2537.8115  0.2593 
   00966    1.0000   -2618.4092  0.2594 
   00967    1.0000   -2670.3699  0.2532 
   00968    1.0000   -2613.0455  0.2563 
   00969    1.0000   -2610.5505  0.2531 
   00970    1.0000   -2524.8640  0.2542 
   00971    1.0000   -2606.1225  0.2663 
   00972    1.0000   -2536.0323  0.2576 
   00973    1.0000   -2470.0959  0.2525 
   00974    1.0000   -2452.9984  0.2645 
   00975    1.0000   -2466.8600  0.2658 
   00976    1.0000   -2503.1086  0.2552 
   00977    1.0000   -2535.7710  0.2690 
   00978    1.0000   -2461.9810  0.2595 
   00979    1.0000   -2490.3286  0.2629 
   00980    1.0000   -2455.5078  0.2652 
   00981    1.0000   -2448.1457  0.2672 
   00982    1.0000   -2496.8159  0.2509 
   00983    1.0000   -2395.7771  0.2567 
   00984    1.0000   -2508.0437  0.2569 
   00985    1.0000   -2434.6360  0.2669 
   00986    1.0000   -2489.7466  0.2638 
   00987    1.0000   -2538.1524  0.2628 
   00988    1.0000   -2582.7663  0.2585 
   00989    1.0000   -2462.4604  0.2556 
   00990    1.0000   -2415.9551  0.2534 
   00991    1.0000   -2540.5202  0.2566 
   00992    1.0000   -2512.3890  0.2606 
   00993    1.0000   -2512.2814  0.2601 
   00994    1.0000   -2445.8710  0.2648 
   00995    0.0000   -2464.6331  0.2574 
   00996    1.0000   -2459.9795  0.2588 
   00997    1.0000   -2522.3869  0.2563 
   00998    1.0000   -2514.9069  0.2566 
   00999    1.0000   -2623.4446  0.2523 
   01000    1.0000   -2664.8078  0.2653 
