#=====================================================
# File created:        Thu-31-Oct-2024-at-02-25-17AM
# Size of lattice:     50x50
# Number of MC steps:  1000
# Reduced temperature: 0.500
# Run time (s):        0.531962
#=====================================================
# MC step:  Ratio:     Energy:   Order:
#=====================================================
   00000    0.5000   -2388.9337  0.2766 
   00001    1.0000   -2345.7785  0.2675 
   00002    1.0000   -2348.0318  0.2538 
   00003    1.0000   -2294.8643  0.2533 
   00004    1.0000   -2295.2355  0.2557 
   00005    1.0000   -2423.4035  0.2592 
   00006    1.0000   -2494.5196  0.2622 
   00007    1.0000   -2458.6257  0.2602 
   00008    1.0000   -2469.9121  0.2578 
   00009    1.0000   -2460.9700  0.2650 
   00010    1.0000   -2443.3451  0.2672 
   00011    1.0000   -2543.4711  0.2771 
   00012    1.0000   -2657.8220  0.2743 
   00013    1.0000   -2517.4117  0.2673 
   00014    1.0000   -2530.2839  0.2617 
   00015    1.0000   -2505.8276  0.2546 
   00016    1.0000   -2465.5643  0.2596 
   00017    1.0000   -2430.3988  0.2574 
   00018    1.0000   -2447.8960  0.2576 
   00019    1.0000   -2453.6953  0.2585 
   00020    1.0000   -2484.6255  0.2537 
   00021    0.0000   -2475.2078  0.2518 
   00022    1.0000   -2488.1128  0.2702 
   00023    1.0000   -2415.3638  0.2664 
   00024    1.0000   -2431.9477  0.2639 
   00025    1.0000   -2407.2721  0.2569 
   00026    1.0000   -2404.7061  0.2590 
   00027    1.0000   -2529.3317  0.2697 
   00028    1.0000   -2551.2782  0.2813 
   00029    1.0000   -2473.3879  0.2673 
   00030    1.0000   -2571.3676  0.2669 
   00031    1.0000   -2516.9535  0.2658 
   00032    1.0000   -2574.9633  0.2557 
   00033    1.0000   -2499.0307  0.2628 
   00034    1.0000   -2456.5374  0.2574 
   00035    1.0000   -2406.6141  0.2542 
   00036    1.0000   -2484.7107  0.2566 
   00037    1.0000   -2549.5980  0.2636 
   00038    1.0000   -2388.5304  0.2636 
   00039    1.0000   -2421.2129  0.2636 
   00040    1.0000   -2399.9143  0.2612 
   00041    1.0000   -2470.9495  0.2678 
   00042    1.0000   -2388.1078  0.2746 
   00043    1.0000   -2467.8597  0.2652 
   00044    1.0000   -2495.4526  0.2659 
   00045    1.0000   -2533.5792  0.2647 
   00046    1.0000   -2491.1046  0.2701 
   00047    1.0000   -2536.4145  0.2773 
   00048    1.0000   -2551.2365  0.2813 
   00049    0.0000   -2543.4480  0.2835 
   00050    1.0000   -2510.6642  0.2876 
   00051    1.0000   -2595.8919  0.2751 
   00052    1.0000   -2638.3957  0.2702 
   00053    1.0000   -2506.3814  0.2536 
   00054    1.0000   -2503.5734  0.2563 
   00055    1.0000   -2500.7044  0.2519 
   00056    1.0000   -2434.6464  0.2583 
   00057    1.0000   -2484.9384  0.2663 
   00058    1.0000   -2454.7441  0.2734 
   00059    1.0000   -2479.9807  0.2659 
   00060    1.0000   -2419.3291  0.2571 
   00061    1.0000   -2541.0914  0.2674 
   00062    1.0000   -2572.8043  0.2676 
   00063    1.0000   -2556.8286  0.2664 
   00064    1.0000   -2605.9482  0.2735 
   00065    1.0000   -2583.6671  0.2715 
   00066    0.0000   -2477.2211  0.2669 
   00067    1.0000   -2533.0280  0.2561 
   00068    1.0000   -2527.1395  0.2562 
   00069    1.0000   -2455.3043  0.2683 
   00070    1.0000   -2424.2843  0.2715 
   00071    1.0000   -2453.5823  0.2711 
   00072    1.0000   -2527.5889  0.2654 
   00073    1.0000   -2418.6170  0.2586 
   00074    1.0000   -2401.4407  0.2578 
   00075    1.0000   -2430.4285  0.2562 
   00076    1.0000   -2349.4471  0.2560 
   00077    1.0000   -2452.9578  0.2626 
   00078    1.0000   -2370.6485  0.2612 
   00079    1.0000   -2357.9397  0.2718 
   00080    1.0000   -2433.0963  0.2658 
   00081    1.0000   -2408.9832  0.2645 
   00082    1.0000   -2445.7108  0.2663 
   00083    1.0000   -2534.6746  0.2579 
   00084    1.0000   -2525.5678  0.2528 
   00085    1.0000   -2578.0418  0.2536 
   00086    1.0000   -2551.7555  0.2585 
   00087    1.0000   -2493.3069  0.2642 
   00088    1.0000   -2564.8347  0.2725 
   00089    1.0000   -2530.0965  0.2636 
   00090    1.0000   -2524.8852  0.2643 
   00091    1.0000   -2506.6880  0.2603 
   00092    1.0000   -2459.9177  0.2637 
   00093    1.0000   -2421.9846  0.2771 
   00094    0.0000   -2349.7557  0.2812 
   00095    1.0000   -2442.9623  0.2770 
   00096    1.0000   -2444.4518  0.2763 
   00097    1.0000   -2549.4828  0.2674 
   00098    1.0000   -2501.0581  0.2621 
   00099    0.0000   -2499.3756  0.2689 
   00100    1.0000   -2456.9336  0.2589 
   00101    1.0000   -2462.6062  0.2587 
   00102    1.0000   -2436.1611  0.2556 
   00103    1.0000   -2553.5064  0.2553 
   00104    1.0000   -2510.7689  0.2588 
   00105    1.0000   -2488.7063  0.2647 
   00106    1.0000   -2503.9034  0.2646 
   00107    1.0000   -2452.2095  0.2677 
   00108    1.0000   -2455.4658  0.2606 
   00109    1.0000   -2503.9987  0.2602 
   00110    1.0000   -2518.9519  0.2571 
   00111    1.0000   -2589.7602  0.2538 
   00112    1.0000   -2485.4696  0.2641 
   00113    0.0000   -2502.6482  0.2720 
   00114    1.0000   -2497.8649  0.2700 
   00115    1.0000   -2448.1483  0.2732 
   00116    1.0000   -2521.8573  0.2777 
   00117    1.0000   -2570.3151  0.2696 
   00118    1.0000   -2562.1171  0.2684 
   00119    1.0000   -2510.1688  0.2632 
   00120    1.0000   -2526.7606  0.2586 
   00121    1.0000   -2472.3521  0.2667 
   00122    1.0000   -2460.8123  0.2576 
   00123    1.0000   -2559.2586  0.2653 
   00124    1.0000   -2547.7907  0.2647 
   00125    1.0000   -2499.6588  0.2624 
   00126    1.0000   -2503.2337  0.2661 
   00127    1.0000   -2450.7242  0.2665 
   00128    1.0000   -2474.9855  0.2645 
   00129    1.0000   -2537.4731  0.2651 
   00130    1.0000   -2584.5631  0.2610 
   00131    1.0000   -2503.4004  0.2701 
   00132    1.0000   -2467.2694  0.2644 
   00133    1.0000   -2320.8925  0.2646 
   00134    1.0000   -2327.2126  0.2657 
   00135    1.0000   -2404.6985  0.2608 
   00136    0.0000   -2364.5107  0.2515 
   00137    1.0000   -2413.1613  0.2595 
   00138    1.0000   -2479.2255  0.2662 
   00139    1.0000   -2462.3930  0.2680 
   00140    1.0000   -2402.6296  0.2630 
   00141    1.0000   -2343.1495  0.2644 
   00142    1.0000   -2381.2116  0.2737 
   00143    1.0000   -2446.0836  0.2650 
   00144    1.0000   -2442.6333  0.2610 
   00145    1.0000   -2468.1692  0.2602 
   00146    1.0000   -2441.7201  0.2675 
   00147    1.0000   -2517.7787  0.2665 
   00148    1.0000   -2545.6788  0.2702 
   00149    1.0000   -2608.0908  0.2696 
   00150    1.0000   -2602.3168  0.2607 
   00151    1.0000   -2636.2365  0.2601 
   00152    1.0000   -2679.0351  0.2604 
   00153    1.0000   -2722.6996  0.2631 
   00154    1.0000   -2561.7157  0.2590 
   00155    1.0000   -2447.7902  0.2613 
   00156    1.0000   -2437.8589  0.2628 
   00157    1.0000   -2412.9812  0.2665 
   00158    1.0000   -2394.8561  0.2665 
   00159    1.0000   -2306.9139  0.2809 
   00160    1.0000   -2431.7909  0.2709 
   00161    1.0000   -2432.1919  0.2716 
   00162    1.0000   -2461.7608  0.2740 
   00163    1.0000   -2459.5121  0.2660 
   00164    0.0000   -2374.9034  0.2711 
   00165    1.0000   -2477.7113  0.2610 
   00166    0.0000   -2437.1610  0.2585 
   00167    1.0000   -2460.1302  0.2686 
   00168    1.0000   -2431.6449  0.2800 
   00169    0.0000   -2525.2857  0.2742 
   00170    1.0000   -2486.4831  0.2704 
   00171    1.0000   -2499.2980  0.2724 
   00172    1.0000   -2595.5419  0.2637 
   00173    1.0000   -2514.5058  0.2588 
   00174    1.0000   -2501.6821  0.2566 
   00175    0.0000   -2528.6036  0.2576 
   00176    1.0000   -2576.2241  0.2639 
   00177    1.0000   -2535.5337  0.2633 
   00178    1.0000   -2365.9004  0.2640 
   00179    1.0000   -2372.8461  0.2583 
   00180    1.0000   -2461.5222  0.2590 
   00181    1.0000   -2532.6906  0.2636 
   00182    1.0000   -2507.3698  0.2610 
   00183    1.0000   -2526.2799  0.2575 
   00184    1.0000   -2486.5121  0.2699 
   00185    1.0000   -2403.7045  0.2694 
   00186    1.0000   -2329.6232  0.2727 
   00187    1.0000   -2486.8925  0.2724 
   00188    1.0000   -2475.5645  0.2659 
   00189    1.0000   -2427.6610  0.2705 
   00190    1.0000   -2459.6631  0.2783 
   00191    1.0000   -2399.3265  0.2628 
   00192    1.0000   -2410.2494  0.2615 
   00193    1.0000   -2342.8698  0.2653 
   00194    1.0000   -2291.8168  0.2650 
   00195    1.0000   -2251.7499  0.2617 
   00196    1.0000   -2336.4265  0.2539 
   00197    1.0000   -2351.6994  0.2548 
   00198    1.0000   -2377.3893  0.2516 
   00199    1.0000   -2347.5065  0.2603 
   00200    1.0000   -2490.8691  0.2525 
   00201    1.0000   -2474.4249  0.2509 
   00202    1.0000   -2428.4476  0.2517 
   00203    1.0000   -2486.1075  0.2551 
   00204    1.0000   -2377.4332  0.2520 
   00205    1.0000   -2412.3145  0.2665 
   00206    1.0000   -2475.0423  0.2633 
   00207    1.0000   -2511.9313  0.2616 
   00208    1.0000   -2507.7426  0.2552 
   00209    1.0000   -2653.4386  0.2565 
   00210    0.0000   -2555.8541  0.2667 
   00211    1.0000   -2510.5653  0.2699 
   00212    0.0000   -2601.6766  0.2549 
   00213    1.0000   -2599.5978  0.2561 
   00214    1.0000   -2744.4332  0.2589 
   00215    1.0000   -2618.8969  0.2607 
   00216    1.0000   -2594.2959  0.2579 
   00217    1.0000   -2533.0183  0.2641 
   00218    1.0000   -2451.4205  0.2583 
   00219    1.0000   -2552.5217  0.2624 
   00220    1.0000   -2520.9671  0.2597 
   00221    1.0000   -2685.7465  0.2704 
   00222    1.0000   -2517.3521  0.2727 
   00223    1.0000   -2511.5104  0.2703 
   00224    1.0000   -2531.4716  0.2611 
   00225    1.0000   -2539.7250  0.2576 
   00226    1.0000   -2512.1001  0.2557 
   00227    1.0000   -2462.2009  0.2572 
   00228    1.0000   -2473.8597  0.2667 
   00229    1.0000   -2477.8513  0.2634 
   00230    1.0000   -2457.9000  0.2686 
   00231    1.0000   -2481.9975  0.2682 
   00232    1.0000   -2493.8288  0.2606 
   00233    1.0000   -2465.1105  0.2610 
   00234    1.0000   -2575.8505  0.2629 
   00235    1.0000   -2539.6652  0.2595 
   00236    1.0000   -2543.6932  0.2518 
   00237    1.0000   -2590.2172  0.2602 
   00238    1.0000   -2603.1802  0.2564 
   00239    1.0000   -2478.9819  0.2614 
   00240    1.0000   -2497.5549  0.2648 
   00241    1.0000   -2480.2690  0.2730 
   00242    1.0000   -2369.9606  0.2643 
   00243    1.0000   -2314.8680  0.2645 
   00244    1.0000   -2371.0793  0.2673 
   00245    1.0000   -2419.8022  0.2609 
   00246    1.0000   -2445.2605  0.2632 
   00247    1.0000   -2503.7313  0.2706 
   00248    1.0000   -2354.5057  0.2680 
   00249    1.0000   -2432.8901  0.2737 
   00250    1.0000   -2545.0817  0.2621 
   00251    1.0000   -2551.1173  0.2671 
   00252    1.0000   -2579.6939  0.2741 
   00253    1.0000   -2481.3563  0.2795 
   00254    1.0000   -2430.2042  0.2794 
   00255    1.0000   -2474.6847  0.2825 
   00256    1.0000   -2493.4742  0.2798 
   00257    1.0000   -2388.7036  0.2667 
   00258    1.0000   -2493.2687  0.2631 
   00259    1.0000   -2476.4580  0.2711 
   00260    1.0000   -2456.5998  0.2678 
   00261    1.0000   -2480.1899  0.2727 
   00262    1.0000   -2541.0072  0.2669 
   00263    1.0000   -2571.0300  0.2616 
   00264    1.0000   -2570.6253  0.2647 
   00265    1.0000   -2558.2066  0.2578 
   00266    1.0000   -2594.0046  0.2584 
   00267    1.0000   -2641.4891  0.2635 
   00268    1.0000   -2472.4064  0.2576 
   00269    1.0000   -2435.8071  0.2567 
   00270    1.0000   -2478.1550  0.2557 
   00271    1.0000   -2487.9639  0.2545 
   00272    1.0000   -2433.9831  0.2606 
   00273    1.0000   -2490.4790  0.2597 
   00274    1.0000   -2444.2746  0.2758 
   00275    1.0000   -2540.9803  0.2739 
   00276    1.0000   -2432.0909  0.2683 
   00277    1.0000   -2425.1800  0.2749 
   00278    1.0000   -2388.9039  0.2640 
   00279    1.0000   -2374.9195  0.2587 
   00280    1.0000   -2371.0050  0.2566 
   00281    1.0000   -2386.1094  0.2611 
   00282    0.0000   -2490.7849  0.2713 
   00283    1.0000   -2537.6649  0.2579 
   00284    1.0000   -2547.5176  0.2587 
   00285    1.0000   -2421.5352  0.2556 
   00286    1.0000   -2440.0974  0.2583 
   00287    1.0000   -2516.3037  0.2532 
   00288    1.0000   -2462.9478  0.2554 
   00289    1.0000   -2532.9490  0.2578 
   00290    1.0000   -2494.4207  0.2585 
   00291    1.0000   -2520.2804  0.2637 
   00292    1.0000   -2438.5831  0.2719 
   00293    1.0000   -2545.0617  0.2680 
   00294    1.0000   -2515.0053  0.2609 
   00295    1.0000   -2525.2557  0.2578 
   00296    1.0000   -2495.0125  0.2655 
   00297    1.0000   -2511.1363  0.2617 
   00298    1.0000   -2510.1473  0.2584 
   00299    1.0000   -2514.5003  0.2642 
   00300    1.0000   -2487.1444  0.2684 
   00301    1.0000   -2561.1817  0.2691 
   00302    1.0000   -2577.5012  0.2658 
   00303    1.0000   -2527.5519  0.2676 
   00304    1.0000   -2557.4644  0.2714 
   00305    1.0000   -2499.5856  0.2641 
   00306    1.0000   -2596.3832  0.2527 
   00307    1.0000   -2599.9180  0.2553 
   00308    1.0000   -2484.1593  0.2639 
   00309    1.0000   -2510.6794  0.2603 
   00310    1.0000   -2592.5430  0.2618 
   00311    1.0000   -2644.2179  0.2598 
   00312    1.0000   -2562.7677  0.2623 
   00313    1.0000   -2528.3302  0.2629 
   00314    1.0000   -2473.0402  0.2599 
   00315    1.0000   -2503.3169  0.2620 
   00316    1.0000   -2433.8993  0.2640 
   00317    1.0000   -2447.3600  0.2660 
   00318    1.0000   -2513.6556  0.2583 
   00319    1.0000   -2445.8776  0.2596 
   00320    1.0000   -2513.5587  0.2511 
   00321    1.0000   -2568.9655  0.2586 
   00322    1.0000   -2456.5443  0.2593 
   00323    1.0000   -2632.4955  0.2610 
   00324    1.0000   -2638.4963  0.2524 
   00325    1.0000   -2583.2960  0.2553 
   00326    1.0000   -2638.8428  0.2518 
   00327    1.0000   -2532.7598  0.2560 
   00328    1.0000   -2571.7018  0.2637 
   00329    1.0000   -2565.7784  0.2688 
   00330    1.0000   -2539.6173  0.2707 
   00331    1.0000   -2437.3642  0.2779 
   00332    0.0000   -2505.1618  0.2673 
   00333    1.0000   -2495.5271  0.2706 
   00334    1.0000   -2547.4036  0.2707 
   00335    1.0000   -2633.7344  0.2612 
   00336    1.0000   -2647.4478  0.2669 
   00337    1.0000   -2758.7236  0.2723 
   00338    1.0000   -2636.7921  0.2529 
   00339    1.0000   -2639.9413  0.2676 
   00340    1.0000   -2584.1543  0.2727 
   00341    1.0000   -2514.1408  0.2574 
   00342    1.0000   -2503.3469  0.2661 
   00343    1.0000   -2580.1590  0.2700 
   00344    1.0000   -2581.3249  0.2638 
   00345    1.0000   -2662.5537  0.2612 
   00346    1.0000   -2585.3964  0.2590 
   00347    1.0000   -2589.8913  0.2561 
   00348    1.0000   -2516.4192  0.2545 
   00349    1.0000   -2524.2268  0.2605 
   00350    1.0000   -2495.9133  0.2600 
   00351    1.0000   -2428.4861  0.2696 
   00352    1.0000   -2404.5869  0.2684 
   00353    1.0000   -2429.5143  0.2609 
   00354    1.0000   -2450.5763  0.2618 
   00355    1.0000   -2417.8205  0.2605 
   00356    1.0000   -2510.2173  0.2635 
   00357    1.0000   -2460.6373  0.2662 
   00358    1.0000   -2491.8658  0.2679 
   00359    1.0000   -2544.7801  0.2704 
   00360    1.0000   -2538.5437  0.2648 
   00361    0.0000   -2541.1189  0.2746 
   00362    1.0000   -2513.2465  0.2618 
   00363    1.0000   -2509.5727  0.2662 
   00364    1.0000   -2445.3794  0.2701 
   00365    1.0000   -2558.9627  0.2815 
   00366    1.0000   -2671.0730  0.2782 
   00367    1.0000   -2450.1888  0.2705 
   00368    1.0000   -2409.9347  0.2581 
   00369    1.0000   -2471.9188  0.2562 
   00370    1.0000   -2522.5367  0.2533 
   00371    1.0000   -2522.3378  0.2549 
   00372    1.0000   -2547.9389  0.2523 
   00373    1.0000   -2565.4422  0.2671 
   00374    1.0000   -2534.7709  0.2759 
   00375    1.0000   -2528.7688  0.2700 
   00376    1.0000   -2531.1057  0.2788 
   00377    1.0000   -2495.0946  0.2655 
   00378    1.0000   -2639.2648  0.2651 
   00379    1.0000   -2573.0457  0.2655 
   00380    1.0000   -2561.5462  0.2676 
   00381    1.0000   -2528.7867  0.2614 
   00382    1.0000   -2487.8367  0.2535 
   00383    1.0000   -2613.6657  0.2618 
   00384    1.0000   -2630.5014  0.2597 
   00385    1.0000   -2481.4702  0.2649 
   00386    1.0000   -2463.5986  0.2578 
   00387    1.0000   -2485.0669  0.2629 
   00388    1.0000   -2494.6034  0.2584 
   00389    1.0000   -2454.0700  0.2540 
   00390    1.0000   -2424.1504  0.2614 
   00391    1.0000   -2470.6456  0.2578 
   00392    1.0000   -2435.4021  0.2618 
   00393    1.0000   -2520.5383  0.2622 
   00394    1.0000   -2544.7860  0.2574 
   00395    0.0000   -2521.5403  0.2555 
   00396    1.0000   -2472.6869  0.2581 
   00397    1.0000   -2493.1968  0.2507 
   00398    1.0000   -2512.4460  0.2580 
   00399    0.0000   -2420.8090  0.2578 
   00400    1.0000   -2407.8013  0.2648 
   00401    1.0000   -2373.4324  0.2625 
   00402    1.0000   -2446.8211  0.2570 
   00403    1.0000   -2397.9521  0.2610 
   00404    1.0000   -2535.9168  0.2584 
   00405    1.0000   -2536.8864  0.2692 
   00406    1.0000   -2595.0752  0.2703 
   00407    1.0000   -2621.0613  0.2719 
   00408    1.0000   -2556.3169  0.2716 
   00409    1.0000   -2570.7115  0.2646 
   00410    1.0000   -2569.1454  0.2579 
   00411    1.0000   -2472.0598  0.2629 
   00412    1.0000   -2368.1063  0.2604 
   00413    1.0000   -2399.3022  0.2752 
   00414    1.0000   -2309.7435  0.2670 
   00415    1.0000   -2454.8026  0.2658 
   00416    1.0000   -2550.8237  0.2612 
   00417    1.0000   -2597.5965  0.2602 
   00418    1.0000   -2541.5998  0.2636 
   00419    1.0000   -2524.1911  0.2706 
   00420    1.0000   -2523.1782  0.2657 
   00421    1.0000   -2430.2631  0.2677 
   00422    1.0000   -2539.9266  0.2657 
   00423    1.0000   -2581.9814  0.2614 
   00424    1.0000   -2508.4474  0.2603 
   00425    1.0000   -2552.6451  0.2713 
   00426    1.0000   -2533.5213  0.2616 
   00427    1.0000   -2375.2341  0.2603 
   00428    1.0000   -2408.2989  0.2625 
   00429    1.0000   -2363.8140  0.2576 
   00430    1.0000   -2461.8541  0.2590 
   00431    1.0000   -2368.4837  0.2568 
   00432    1.0000   -2398.7701  0.2728 
   00433    1.0000   -2491.3392  0.2751 
   00434    1.0000   -2380.9127  0.2646 
   00435    1.0000   -2379.6566  0.2587 
   00436    1.0000   -2382.7569  0.2573 
   00437    1.0000   -2381.9160  0.2536 
   00438    1.0000   -2434.6228  0.2596 
   00439    1.0000   -2452.8363  0.2655 
   00440    1.0000   -2402.3080  0.2660 
   00441    1.0000   -2483.8667  0.2539 
   00442    1.0000   -2578.6588  0.2541 
   00443    1.0000   -2543.4975  0.2570 
   00444    1.0000   -2477.2312  0.2538 
   00445    1.0000   -2454.7935  0.2525 
   00446    1.0000   -2403.3544  0.2570 
   00447    1.0000   -2427.0088  0.2552 
   00448    1.0000   -2455.4209  0.2538 
   00449    1.0000   -2455.3634  0.2580 
   00450    1.0000   -2447.9751  0.2577 
   00451    1.0000   -2439.9667  0.2706 
   00452    1.0000   -2489.2665  0.2598 
   00453    1.0000   -2495.0201  0.2546 
   00454    1.0000   -2464.7263  0.2590 
   00455    1.0000   -2456.4865  0.2667 
   00456    0.0000   -2501.5746  0.2663 
   00457    1.0000   -2472.0233  0.2634 
   00458    1.0000   -2491.4546  0.2632 
   00459    1.0000   -2497.7141  0.2615 
   00460    1.0000   -2528.3793  0.2609 
   00461    1.0000   -2475.6328  0.2580 
   00462    1.0000   -2422.0000  0.2554 
   00463    1.0000   -2489.6130  0.2619 
   00464    1.0000   -2453.8865  0.2581 
   00465    1.0000   -2388.9341  0.2631 
   00466    1.0000   -2536.8143  0.2639 
   00467    1.0000   -2441.1991  0.2644 
   00468    1.0000   -2398.2710  0.2645 
   00469    1.0000   -2428.8338  0.2693 
   00470    1.0000   -2488.0686  0.2709 
   00471    1.0000   -2390.3737  0.2700 
   00472    1.0000   -2407.5199  0.2624 
   00473    1.0000   -2429.5632  0.2594 
   00474    1.0000   -2443.5751  0.2662 
   00475    1.0000   -2496.3057  0.2516 
   00476    1.0000   -2487.7973  0.2581 
   00477    1.0000   -2493.2036  0.2585 
   00478    1.0000   -2405.4315  0.2652 
   00479    1.0000   -2438.8056  0.2631 
   00480    1.0000   -2566.8940  0.2648 
   00481    1.0000   -2545.8312  0.2662 
   00482    1.0000   -2503.8151  0.2588 
   00483    1.0000   -2493.3702  0.2586 
   00484    1.0000   -2562.4007  0.2614 
   00485    1.0000   -2454.3708  0.2669 
   00486    1.0000   -2496.1940  0.2716 
   00487    1.0000   -2491.0381  0.2722 
   00488    1.0000   -2482.9422  0.2793 
   00489    1.0000   -2549.9561  0.2642 
   00490    1.0000   -2476.1318  0.2582 
   00491    1.0000   -2624.0265  0.2592 
   00492    1.0000   -2588.6129  0.2579 
   00493    1.0000   -2537.7151  0.2571 
   00494    1.0000   -2505.7386  0.2595 
   00495    1.0000   -2513.0458  0.2620 
   00496    1.0000   -2341.5506  0.2619 
   00497    1.0000   -2445.9644  0.2707 
   00498    1.0000   -2464.8317  0.2679 
   00499    1.0000   -2496.0680  0.2536 
   00500    1.0000   -2526.8791  0.2563 
   00501    1.0000   -2570.3373  0.2550 
   00502    1.0000   -2555.9557  0.2583 
   00503    1.0000   -2529.8653  0.2521 
   00504    1.0000   -2542.3048  0.2544 
   00505    1.0000   -2489.7467  0.2555 
   00506    1.0000   -2574.7037  0.2597 
   00507    1.0000   -2469.5921  0.2565 
   00508    1.0000   -2488.0827  0.2587 
   00509    1.0000   -2523.9790  0.2640 
   00510    1.0000   -2465.8827  0.2653 
   00511    1.0000   -2486.3062  0.2612 
   00512    1.0000   -2434.0506  0.2637 
   00513    1.0000   -2512.6425  0.2663 
   00514    1.0000   -2506.9752  0.2667 
   00515    1.0000   -2586.8380  0.2682 
   00516    1.0000   -2600.8768  0.2667 
   00517    1.0000   -2541.3325  0.2563 
   00518    1.0000   -2451.9133  0.2602 
   00519    1.0000   -2471.8728  0.2618 
   00520    1.0000   -2452.2262  0.2547 
   00521    1.0000   -2416.7880  0.2638 
   00522    1.0000   -2386.6541  0.2615 
   00523    1.0000   -2389.6500  0.2586 
   00524    1.0000   -2401.1144  0.2515 
   00525    1.0000   -2466.0456  0.2632 
   00526    1.0000   -2537.8845  0.2625 
   00527    1.0000   -2420.7136  0.2628 
   00528    1.0000   -2312.1867  0.2604 
   00529    1.0000   -2318.0103  0.2597 
   00530    1.0000   -2437.4420  0.2590 
   00531    1.0000   -2487.1748  0.2535 
   00532    1.0000   -2385.1685  0.2674 
   00533    1.0000   -2481.3577  0.2604 
   00534    1.0000   -2475.1418  0.2604 
   00535    1.0000   -2372.6377  0.2513 
   00536    1.0000   -2399.1999  0.2588 
   00537    1.0000   -2469.0732  0.2581 
   00538    1.0000   -2389.7841  0.2653 
   00539    0.0000   -2416.6824  0.2631 
   00540    1.0000   -2385.9354  0.2669 
   00541    0.0000   -2422.1188  0.2716 
   00542    1.0000   -2538.0446  0.2660 
   00543    0.0000   -2473.3186  0.2569 
   00544    1.0000   -2533.0285  0.2546 
   00545    0.0000   -2568.8697  0.2507 
   00546    1.0000   -2652.7037  0.2670 
   00547    1.0000   -2546.5123  0.2802 
   00548    1.0000   -2441.6388  0.2801 
   00549    1.0000   -2463.3333  0.2683 
   00550    1.0000   -2534.7812  0.2590 
   00551    1.0000   -2411.2550  0.2551 
   00552    0.0000   -2451.3268  0.2580 
   00553    1.0000   -2464.1365  0.2596 
   00554    1.0000   -2482.5049  0.2567 
   00555    1.0000   -2464.7864  0.2631 
   00556    1.0000   -2470.4100  0.2764 
   00557    1.0000   -2506.4068  0.2755 
   00558    1.0000   -2484.0520  0.2727 
   00559    1.0000   -2440.2990  0.2701 
   00560    1.0000   -2523.7663  0.2641 
   00561    1.0000   -2476.6016  0.2594 
   00562    1.0000   -2533.3824  0.2505 
   00563    1.0000   -2490.0185  0.2611 
   00564    1.0000   -2402.8495  0.2621 
   00565    1.0000   -2494.4476  0.2730 
   00566    1.0000   -2402.9898  0.2712 
   00567    1.0000   -2509.1573  0.2725 
   00568    1.0000   -2451.7652  0.2634 
   00569    1.0000   -2538.0923  0.2555 
   00570    1.0000   -2470.2106  0.2552 
   00571    1.0000   -2502.1464  0.2637 
   00572    1.0000   -2482.6950  0.2613 
   00573    1.0000   -2427.1278  0.2541 
   00574    1.0000   -2527.0872  0.2573 
   00575    1.0000   -2514.3713  0.2657 
   00576    1.0000   -2595.3643  0.2574 
   00577    1.0000   -2534.2687  0.2564 
   00578    1.0000   -2419.8201  0.2729 
   00579    1.0000   -2352.5446  0.2726 
   00580    1.0000   -2329.7367  0.2686 
   00581    0.0000   -2519.1778  0.2732 
   00582    1.0000   -2524.0305  0.2676 
   00583    1.0000   -2494.2483  0.2546 
   00584    1.0000   -2468.3795  0.2689 
   00585    1.0000   -2336.9423  0.2648 
   00586    1.0000   -2406.0893  0.2630 
   00587    1.0000   -2465.4652  0.2686 
   00588    1.0000   -2427.5748  0.2685 
   00589    1.0000   -2421.6745  0.2586 
   00590    1.0000   -2487.7011  0.2586 
   00591    1.0000   -2631.7059  0.2629 
   00592    1.0000   -2604.9713  0.2522 
   00593    1.0000   -2492.5437  0.2646 
   00594    1.0000   -2558.7605  0.2725 
   00595    1.0000   -2523.0808  0.2647 
   00596    1.0000   -2478.7406  0.2840 
   00597    1.0000   -2485.4096  0.2630 
   00598    1.0000   -2508.7001  0.2631 
   00599    1.0000   -2461.5742  0.2680 
   00600    1.0000   -2317.9267  0.2697 
   00601    1.0000   -2358.5847  0.2647 
   00602    1.0000   -2369.6219  0.2658 
   00603    1.0000   -2487.4454  0.2665 
   00604    1.0000   -2451.6692  0.2701 
   00605    1.0000   -2395.0886  0.2639 
   00606    1.0000   -2485.0258  0.2604 
   00607    1.0000   -2490.0110  0.2646 
   00608    1.0000   -2432.3226  0.2663 
   00609    1.0000   -2489.7761  0.2552 
   00610    1.0000   -2482.3034  0.2652 
   00611    1.0000   -2448.6142  0.2649 
   00612    1.0000   -2501.8731  0.2676 
   00613    1.0000   -2550.2183  0.2660 
   00614    1.0000   -2604.4096  0.2655 
   00615    1.0000   -2579.2103  0.2563 
   00616    1.0000   -2507.4249  0.2587 
   00617    1.0000   -2555.1127  0.2590 
   00618    1.0000   -2446.1260  0.2603 
   00619    1.0000   -2491.4581  0.2682 
   00620    1.0000   -2582.4466  0.2704 
   00621    1.0000   -2460.7472  0.2614 
   00622    1.0000   -2439.4944  0.2616 
   00623    1.0000   -2440.2009  0.2637 
   00624    1.0000   -2476.2965  0.2560 
   00625    1.0000   -2473.0554  0.2636 
   00626    1.0000   -2453.3050  0.2679 
   00627    1.0000   -2446.9105  0.2595 
   00628    1.0000   -2469.1151  0.2649 
   00629    1.0000   -2508.8950  0.2741 
   00630    1.0000   -2465.6458  0.2682 
   00631    1.0000   -2519.9141  0.2583 
   00632    1.0000   -2553.0872  0.2668 
   00633    1.0000   -2477.3847  0.2679 
   00634    1.0000   -2543.9742  0.2684 
   00635    1.0000   -2569.5452  0.2615 
   00636    1.0000   -2506.1156  0.2551 
   00637    1.0000   -2444.3072  0.2543 
   00638    1.0000   -2419.9626  0.2574 
   00639    1.0000   -2396.2442  0.2682 
   00640    1.0000   -2407.6912  0.2578 
   00641    1.0000   -2470.9123  0.2585 
   00642    1.0000   -2430.3305  0.2673 
   00643    1.0000   -2443.0567  0.2784 
   00644    1.0000   -2404.4835  0.2636 
   00645    1.0000   -2415.9602  0.2571 
   00646    1.0000   -2374.6402  0.2573 
   00647    1.0000   -2397.0229  0.2578 
   00648    1.0000   -2509.4804  0.2595 
   00649    1.0000   -2513.6810  0.2632 
   00650    1.0000   -2448.1901  0.2646 
   00651    1.0000   -2352.7218  0.2695 
   00652    1.0000   -2336.2591  0.2680 
   00653    1.0000   -2386.3061  0.2790 
   00654    1.0000   -2501.6193  0.2787 
   00655    1.0000   -2396.9691  0.2757 
   00656    1.0000   -2447.3573  0.2700 
   00657    1.0000   -2523.0783  0.2649 
   00658    1.0000   -2458.2842  0.2699 
   00659    1.0000   -2466.7200  0.2692 
   00660    1.0000   -2418.4888  0.2656 
   00661    1.0000   -2532.7896  0.2680 
   00662    1.0000   -2561.4492  0.2571 
   00663    1.0000   -2500.6813  0.2609 
   00664    1.0000   -2499.1037  0.2576 
   00665    1.0000   -2529.1864  0.2609 
   00666    1.0000   -2522.1657  0.2817 
   00667    1.0000   -2579.4752  0.2785 
   00668    1.0000   -2632.4630  0.2743 
   00669    1.0000   -2559.2941  0.2650 
   00670    1.0000   -2444.0779  0.2565 
   00671    1.0000   -2530.3856  0.2626 
   00672    1.0000   -2519.4144  0.2636 
   00673    1.0000   -2491.4266  0.2610 
   00674    1.0000   -2499.7400  0.2683 
   00675    1.0000   -2489.9116  0.2634 
   00676    1.0000   -2519.1825  0.2628 
   00677    1.0000   -2570.3462  0.2637 
   00678    1.0000   -2521.7409  0.2585 
   00679    1.0000   -2520.2830  0.2685 
   00680    1.0000   -2484.7943  0.2629 
   00681    1.0000   -2405.1042  0.2663 
   00682    1.0000   -2375.2955  0.2724 
   00683    1.0000   -2482.0905  0.2791 
   00684    1.0000   -2505.8613  0.2778 
   00685    1.0000   -2414.8002  0.2697 
   00686    1.0000   -2454.2072  0.2717 
   00687    1.0000   -2517.3857  0.2599 
   00688    1.0000   -2515.6157  0.2563 
   00689    1.0000   -2495.4967  0.2684 
   00690    1.0000   -2578.1999  0.2666 
   00691    1.0000   -2509.1213  0.2745 
   00692    1.0000   -2669.7621  0.2695 
   00693    1.0000   -2584.9593  0.2508 
   00694    1.0000   -2613.6595  0.2559 
   00695    1.0000   -2533.1516  0.2583 
   00696    1.0000   -2475.6834  0.2616 
   00697    1.0000   -2470.1646  0.2693 
   00698    0.0000   -2482.9705  0.2686 
   00699    1.0000   -2503.5486  0.2638 
   00700    1.0000   -2404.5080  0.2605 
   00701    1.0000   -2456.4643  0.2607 
   00702    1.0000   -2542.7772  0.2599 
   00703    1.0000   -2578.3876  0.2605 
   00704    1.0000   -2586.6068  0.2573 
   00705    1.0000   -2556.7574  0.2505 
   00706    1.0000   -2501.1265  0.2516 
   00707    1.0000   -2475.0718  0.2617 
   00708    1.0000   -2445.0951  0.2684 
   00709    1.0000   -2433.2954  0.2636 
   00710    1.0000   -2424.9338  0.2643 
   00711    1.0000   -2441.0908  0.2677 
   00712    1.0000   -2411.1029  0.2689 
   00713    1.0000   -2468.7138  0.2650 
   00714    1.0000   -2534.5024  0.2597 
   00715    1.0000   -2493.4584  0.2520 
   00716    1.0000   -2437.6611  0.2653 
   00717    1.0000   -2455.8856  0.2626 
   00718    1.0000   -2521.2524  0.2635 
   00719    1.0000   -2485.5355  0.2554 
   00720    1.0000   -2540.1013  0.2624 
   00721    1.0000   -2486.7790  0.2662 
   00722    1.0000   -2450.0030  0.2581 
   00723    1.0000   -2513.9392  0.2646 
   00724    1.0000   -2464.0195  0.2671 
   00725    1.0000   -2384.7676  0.2631 
   00726    1.0000   -2477.0054  0.2660 
   00727    1.0000   -2539.1154  0.2647 
   00728    1.0000   -2463.8229  0.2628 
   00729    1.0000   -2472.8504  0.2618 
   00730    1.0000   -2639.6504  0.2584 
   00731    1.0000   -2563.5848  0.2570 
   00732    1.0000   -2464.4997  0.2652 
   00733    1.0000   -2420.1128  0.2754 
   00734    1.0000   -2486.7852  0.2792 
   00735    1.0000   -2411.3113  0.2710 
   00736    1.0000   -2431.6359  0.2575 
   00737    1.0000   -2489.6530  0.2613 
   00738    1.0000   -2456.3707  0.2546 
   00739    1.0000   -2504.6744  0.2569 
   00740    1.0000   -2587.9544  0.2555 
   00741    1.0000   -2601.5479  0.2556 
   00742    1.0000   -2570.7609  0.2546 
   00743    1.0000   -2577.8797  0.2608 
   00744    1.0000   -2484.5026  0.2705 
   00745    1.0000   -2450.7669  0.2659 
   00746    1.0000   -2406.8564  0.2572 
   00747    1.0000   -2362.4392  0.2662 
   00748    1.0000   -2348.5862  0.2706 
   00749    1.0000   -2440.5665  0.2634 
   00750    1.0000   -2413.4579  0.2636 
   00751    1.0000   -2516.5630  0.2556 
   00752    1.0000   -2523.2807  0.2526 
   00753    1.0000   -2570.5026  0.2574 
   00754    1.0000   -2683.9700  0.2656 
   00755    1.0000   -2584.5202  0.2587 
   00756    1.0000   -2524.9490  0.2566 
   00757    1.0000   -2436.4658  0.2567 
   00758    1.0000   -2492.3661  0.2562 
   00759    1.0000   -2517.1267  0.2620 
   00760    1.0000   -2471.9858  0.2550 
   00761    1.0000   -2433.7789  0.2652 
   00762    1.0000   -2538.4873  0.2637 
   00763    1.0000   -2546.4564  0.2635 
   00764    1.0000   -2504.8760  0.2615 
   00765    1.0000   -2490.2439  0.2728 
   00766    0.0000   -2498.4010  0.2764 
   00767    1.0000   -2458.9852  0.2697 
   00768    1.0000   -2381.8138  0.2604 
   00769    1.0000   -2404.5677  0.2817 
   00770    1.0000   -2497.0570  0.2773 
   00771    1.0000   -2509.5538  0.2692 
   00772    1.0000   -2431.5147  0.2666 
   00773    1.0000   -2499.2073  0.2670 
   00774    1.0000   -2420.9183  0.2646 
   00775    1.0000   -2420.0611  0.2629 
   00776    1.0000   -2479.8857  0.2632 
   00777    1.0000   -2461.1974  0.2539 
   00778    1.0000   -2381.8394  0.2580 
   00779    1.0000   -2343.5242  0.2576 
   00780    1.0000   -2307.3856  0.2537 
   00781    1.0000   -2422.5740  0.2521 
   00782    1.0000   -2351.7403  0.2586 
   00783    1.0000   -2380.4841  0.2521 
   00784    1.0000   -2382.9280  0.2680 
   00785    1.0000   -2453.3113  0.2628 
   00786    1.0000   -2421.2994  0.2642 
   00787    1.0000   -2344.0574  0.2565 
   00788    1.0000   -2425.3041  0.2526 
   00789    1.0000   -2499.7957  0.2556 
   00790    1.0000   -2464.4969  0.2620 
   00791    0.0000   -2494.0010  0.2586 
   00792    1.0000   -2572.4179  0.2541 
   00793    1.0000   -2482.0191  0.2582 
   00794    1.0000   -2376.9901  0.2581 
   00795    1.0000   -2445.0175  0.2689 
   00796    0.0000   -2477.5097  0.2639 
   00797    1.0000   -2601.8339  0.2660 
   00798    1.0000   -2451.0037  0.2567 
   00799    1.0000   -2437.7243  0.2567 
   00800    1.0000   -2527.0477  0.2635 
   00801    1.0000   -2552.4221  0.2567 
   00802    1.0000   -2519.8028  0.2563 
   00803    1.0000   -2486.7639  0.2585 
   00804    1.0000   -2505.5477  0.2629 
   00805    1.0000   -2527.0292  0.2643 
   00806    1.0000   -2672.7600  0.2635 
   00807    1.0000   -2657.3332  0.2571 
   00808    1.0000   -2646.6245  0.2638 
   00809    1.0000   -2511.4316  0.2598 
   00810    1.0000   -2388.5024  0.2600 
   00811    1.0000   -2405.9752  0.2634 
   00812    1.0000   -2445.4731  0.2636 
   00813    1.0000   -2388.2646  0.2677 
   00814    1.0000   -2501.3943  0.2629 
   00815    1.0000   -2530.8867  0.2599 
   00816    1.0000   -2586.4593  0.2680 
   00817    1.0000   -2595.2843  0.2607 
   00818    1.0000   -2511.0028  0.2555 
   00819    1.0000   -2529.1911  0.2606 
   00820    1.0000   -2429.0576  0.2664 
   00821    1.0000   -2441.9339  0.2603 
   00822    1.0000   -2498.6885  0.2657 
   00823    1.0000   -2550.7451  0.2737 
   00824    1.0000   -2541.2960  0.2747 
   00825    1.0000   -2475.6923  0.2604 
   00826    1.0000   -2424.6952  0.2625 
   00827    1.0000   -2389.9183  0.2651 
   00828    1.0000   -2459.8815  0.2666 
   00829    1.0000   -2454.1013  0.2676 
   00830    1.0000   -2471.9441  0.2683 
   00831    1.0000   -2413.9549  0.2674 
   00832    1.0000   -2419.3477  0.2678 
   00833    1.0000   -2531.4843  0.2644 
   00834    1.0000   -2496.4956  0.2535 
   00835    1.0000   -2619.5358  0.2637 
   00836    1.0000   -2467.9523  0.2583 
   00837    1.0000   -2445.4445  0.2548 
   00838    1.0000   -2557.1839  0.2670 
   00839    1.0000   -2583.4834  0.2596 
   00840    1.0000   -2590.2308  0.2625 
   00841    1.0000   -2578.1049  0.2621 
   00842    1.0000   -2550.4813  0.2604 
   00843    1.0000   -2408.9303  0.2521 
   00844    1.0000   -2387.0838  0.2551 
   00845    1.0000   -2439.8548  0.2544 
   00846    1.0000   -2465.2243  0.2570 
   00847    1.0000   -2448.9892  0.2558 
   00848    1.0000   -2417.3372  0.2582 
   00849    1.0000   -2416.4073  0.2634 
   00850    1.0000   -2604.4472  0.2548 
   00851    1.0000   -2505.5157  0.2555 
   00852    1.0000   -2465.7692  0.2568 
   00853    1.0000   -2436.8572  0.2571 
   00854    1.0000   -2575.8121  0.2586 
   00855    1.0000   -2589.3039  0.2578 
   00856    1.0000   -2605.9840  0.2527 
   00857    1.0000   -2485.1729  0.2541 
   00858    1.0000   -2475.7534  0.2564 
   00859    1.0000   -2547.6930  0.2621 
   00860    1.0000   -2545.2524  0.2541 
   00861    1.0000   -2495.4996  0.2518 
   00862    1.0000   -2544.8785  0.2606 
   00863    1.0000   -2640.6830  0.2593 
   00864    1.0000   -2586.1287  0.2577 
   00865    1.0000   -2494.4315  0.2623 
   00866    1.0000   -2511.4523  0.2604 
   00867    1.0000   -2550.1395  0.2568 
   00868    1.0000   -2371.6412  0.2514 
   00869    1.0000   -2554.1018  0.2622 
   00870    1.0000   -2529.0320  0.2731 
   00871    1.0000   -2563.8776  0.2599 
   00872    1.0000   -2536.2225  0.2587 
   00873    1.0000   -2377.3438  0.2524 
   00874    1.0000   -2485.4305  0.2580 
   00875    1.0000   -2464.7348  0.2550 
   00876    1.0000   -2508.0431  0.2633 
   00877    1.0000   -2447.5768  0.2581 
   00878    1.0000   -2540.9544  0.2653 
   00879    0.0000   -2618.5243  0.2607 
   00880    1.0000   -2546.6577  0.2629 
   00881    1.0000   -2579.8575  0.2562 
   00882    1.0000   -2588.9951  0.2581 
   00883    1.0000   -2474.6087  0.2557 
   00884    1.0000   -2551.6072  0.2634 
   00885    1.0000   -2551.9820  0.2553 
   00886    1.0000   -2446.1117  0.2631 
   00887    1.0000   -2512.0127  0.2723 
   00888    1.0000   -2543.6839  0.2710 
   00889    1.0000   -2482.8285  0.2683 
   00890    1.0000   -2458.8996  0.2679 
   00891    1.0000   -2426.0684  0.2719 
   00892    1.0000   -2503.9131  0.2761 
   00893    1.0000   -2372.2696  0.2680 
   00894    1.0000   -2367.2119  0.2604 
   00895    1.0000   -2474.8207  0.2676 
   00896    1.0000   -2268.7380  0.2613 
   00897    1.0000   -2378.9663  0.2576 
   00898    1.0000   -2486.6362  0.2713 
   00899    1.0000   -2573.6856  0.2668 
   00900    1.0000   -2635.3613  0.2529 
   00901    1.0000   -2679.2349  0.2661 
   00902    1.0000   -2720.4511  0.2648 
   00903    1.0000   -2627.9667  0.2626 
   00904    1.0000   -2608.6820  0.2533 
   00905    1.0000   -2547.8868  0.2554 
   00906    1.0000   -2556.2258  0.2591 
   00907    1.0000   -2619.1661  0.2632 
   00908    1.0000   -2521.3816  0.2664 
   00909    1.0000   -2515.9421  0.2727 
   00910    1.0000   -2522.6598  0.2686 
   00911    1.0000   -2526.3504  0.2574 
   00912    1.0000   -2554.2934  0.2592 
   00913    1.0000   -2535.9451  0.2640 
   00914    1.0000   -2571.4408  0.2621 
   00915    0.0000   -2540.7226  0.2695 
   00916    1.0000   -2467.4360  0.2671 
   00917    1.0000   -2511.9458  0.2617 
   00918    1.0000   -2470.2158  0.2671 
   00919    1.0000   -2476.5355  0.2712 
   00920    1.0000   -2511.2913  0.2703 
   00921    1.0000   -2490.9465  0.2679 
   00922    1.0000   -2484.8861  0.2679 
   00923    0.0000   -2504.3061  0.2710 
   00924    1.0000   -2440.9295  0.2700 
   00925    1.0000   -2390.7268  0.2797 
   00926    1.0000   -2354.5004  0.2779 
   00927    0.0000   -2316.5554  0.2701 
   00928    1.0000   -2414.4644  0.2748 
   00929    1.0000   -2396.1946  0.2764 
   00930    1.0000   -2361.4328  0.2700 
   00931    1.0000   -2459.0657  0.2630 
   00932    1.0000   -2580.0723  0.2549 
   00933    0.0000   -2569.9162  0.2558 
   00934    1.0000   -2570.1745  0.2603 
   00935    1.0000   -2503.3203  0.2583 
   00936    1.0000   -2435.0004  0.2579 
   00937    1.0000   -2443.7081  0.2603 
   00938    1.0000   -2543.0429  0.2559 
   00939    1.0000   -2525.4002  0.2581 
   00940    1.0000   -2578.5696  0.2605 
   00941    1.0000   -2499.5014  0.2618 
   00942    1.0000   -2593.0271  0.2531 
   00943    1.0000   -2486.5259  0.2646 
   00944    1.0000   -2529.6192  0.2619 
   00945    1.0000   -2573.2841  0.2742 
   00946    1.0000   -2559.6812  0.2725 
   00947    1.0000   -2528.4448  0.2649 
   00948    1.0000   -2546.2292  0.2621 
   00949    1.0000   -2655.4673  0.2697 
   00950    1.0000   -2554.6343  0.2614 
   00951    1.0000   -2542.9394  0.2521 
   00952    1.0000   -2584.2366  0.2567 
   00953    1.0000   -2563.6761  0.2623 
   00954    1.0000   -2444.7099  0.2636 
   00955    1.0000   -2395.8450  0.2590 
   00956    1.0000   -2484.1162  0.2570 
   00957    1.0000   -2596.6021  0.2528 
   00958    1.0000   -2469.7660  0.2503 
   00959    1.0000   -2379.7502  0.2631 
   00960    1.0000   -2407.9546  0.2543 
   00961    1.0000   -2389.3008  0.2571 
   00962    1.0000   -2461.1597  0.2638 
   00963    1.0000   -2368.2223  0.2594 
   00964    1.0000   -2325.3759  0.2678 
   00965    1.0000   -2322.3673  0.2639 
   00966    1.0000   -2526.9261  0.2647 
   00967    1.0000   -2499.6948  0.2542 
   00968    1.0000   -2599.1301  0.2684 
   00969    1.0000   -2486.1808  0.2646 
   00970    1.0000   -2643.5599  0.2694 
   00971    1.0000   -2605.4707  0.2654 
   00972    1.0000   -2592.2022  0.2638 
   00973    1.0000   -2478.2908  0.2564 
   00974    1.0000   -2508.1370  0.2573 
   00975    1.0000   -2496.5111  0.2640 
   00976    1.0000   -2505.6478  0.2631 
   00977    1.0000   -2594.4592  0.2683 
   00978    0.0000   -2526.9225  0.2655 
   00979    1.0000   -2505.5763  0.2568 
   00980    1.0000   -2622.1998  0.2631 
   00981    1.0000   -2448.5733  0.2615 
   00982    1.0000   -2450.9179  0.2636 
   00983    1.0000   -2415.6654  0.2659 
   00984    1.0000   -2383.4184  0.2756 
   00985    1.0000   -2484.9168  0.2729 
   00986    1.0000   -2471.1220  0.2578 
   00987    1.0000   -2552.0204  0.2570 
   00988    1.0000   -2521.3875  0.2511 
   00989    0.0000   -2595.1613  0.2666 
   00990    1.0000   -2614.4069  0.2654 
   00991    1.0000   -2453.1829  0.2674 
   00992    1.0000   -2548.1164  0.2691 
   00993    1.0000   -2547.3638  0.2656 
   00994    1.0000   -2398.9191  0.2668 
   00995    1.0000   -2543.0284  0.2595 
   00996    1.0000   -2632.0877  0.2545 
   00997    1.0000   -2676.0905  0.2610 
   00998    1.0000   -2631.8218  0.2520 
   00999    1.0000   -2594.6930  0.2522 
   01000    1.0000   -2514.6635  0.2687 
