#=====================================================
# File created:        Thu-31-Oct-2024-at-02-24-51AM
# Size of lattice:     50x50
# Number of MC steps:  1000
# Reduced temperature: 0.500
# Run time (s):        3.608124
#=====================================================
# MC step:  Ratio:     Energy:   Order:
#=====================================================
   00000    0.5000   -2517.3515  0.2633 
   00001    0.6660   -3786.5797  0.2615 
   00002    0.6196   -4592.1514  0.2646 
   00003    0.5968   -5108.5619  0.2655 
   00004    0.5668   -5487.0599  0.2640 
   00005    0.5248   -5846.3533  0.2790 
   00006    0.5188   -6151.7560  0.2869 
   00007    0.5024   -6340.4358  0.2856 
   00008    0.5176   -6509.8888  0.2864 
   00009    0.4908   -6731.7924  0.2791 
   00010    0.4804   -6841.0749  0.2779 
   00011    0.4664   -6980.2240  0.2788 
   00012    0.4780   -7082.8562  0.2821 
   00013    0.4584   -7197.8324  0.2867 
   00014    0.4572   -7281.8868  0.2935 
   00015    0.4552   -7379.2884  0.3038 
   00016    0.4404   -7475.9945  0.3031 
   00017    0.4520   -7552.5275  0.2995 
   00018    0.4384   -7579.1131  0.2979 
   00019    0.4356   -7616.8316  0.2956 
   00020    0.4408   -7626.7722  0.2995 
   00021    0.4512   -7669.7318  0.3052 
   00022    0.4488   -7680.9002  0.3150 
   00023    0.4388   -7718.0401  0.3159 
   00024    0.4432   -7726.6094  0.3185 
   00025    0.4208   -7689.2060  0.3237 
   00026    0.4536   -7774.3479  0.3257 
   00027    0.4268   -7793.6644  0.3342 
   00028    0.4344   -7800.3962  0.3390 
   00029    0.4276   -7841.8218  0.3372 
   00030    0.4300   -7888.3916  0.3373 
   00031    0.4380   -7884.9016  0.3410 
   00032    0.4324   -7893.6444  0.3375 
   00033    0.4384   -7916.6430  0.3425 
   00034    0.4200   -7932.8897  0.3379 
   00035    0.4356   -7994.5677  0.3330 
   00036    0.4208   -8040.1113  0.3294 
   00037    0.4328   -8067.3835  0.3186 
   00038    0.4264   -8063.8981  0.3184 
   00039    0.4264   -8065.0842  0.3185 
   00040    0.4336   -7980.8433  0.3241 
   00041    0.4228   -7997.6695  0.3272 
   00042    0.4204   -7977.8797  0.3286 
   00043    0.4380   -7986.4235  0.3247 
   00044    0.4308   -7985.7824  0.3290 
   00045    0.4308   -7982.7705  0.3284 
   00046    0.4308   -7969.7104  0.3293 
   00047    0.4308   -8021.1986  0.3296 
   00048    0.4260   -8016.8449  0.3320 
   00049    0.4304   -8071.2197  0.3376 
   00050    0.4308   -8088.5159  0.3410 
   00051    0.4460   -8108.2503  0.3419 
   00052    0.4320   -8118.5670  0.3438 
   00053    0.4296   -8140.0157  0.3434 
   00054    0.4260   -8142.3664  0.3435 
   00055    0.4272   -8134.0764  0.3437 
   00056    0.4040   -8154.3798  0.3351 
   00057    0.4288   -8190.8778  0.3364 
   00058    0.4168   -8182.1324  0.3396 
   00059    0.4300   -8192.2221  0.3388 
   00060    0.4028   -8214.5198  0.3443 
   00061    0.4316   -8242.9257  0.3506 
   00062    0.4368   -8207.1679  0.3521 
   00063    0.4360   -8222.8386  0.3519 
   00064    0.4412   -8239.3359  0.3495 
   00065    0.4220   -8219.1891  0.3494 
   00066    0.4188   -8275.5766  0.3446 
   00067    0.4272   -8204.7907  0.3526 
   00068    0.4284   -8249.9264  0.3542 
   00069    0.4032   -8286.1662  0.3620 
   00070    0.4132   -8254.5390  0.3651 
   00071    0.4304   -8230.8031  0.3647 
   00072    0.4176   -8223.8274  0.3619 
   00073    0.4236   -8228.2671  0.3703 
   00074    0.4164   -8220.1221  0.3711 
   00075    0.4292   -8271.8985  0.3695 
   00076    0.4288   -8304.5661  0.3779 
   00077    0.4060   -8294.8542  0.3800 
   00078    0.4296   -8320.0601  0.3822 
   00079    0.4104   -8333.8786  0.3851 
   00080    0.4140   -8377.5693  0.3877 
   00081    0.4200   -8344.4882  0.3810 
   00082    0.4240   -8330.1971  0.3843 
   00083    0.4104   -8332.2068  0.3888 
   00084    0.4384   -8319.4749  0.3866 
   00085    0.4260   -8312.6874  0.3871 
   00086    0.4072   -8266.1672  0.3898 
   00087    0.4280   -8284.1761  0.3888 
   00088    0.4288   -8276.6072  0.3902 
   00089    0.4164   -8241.3412  0.3880 
   00090    0.4240   -8265.9958  0.3869 
   00091    0.4164   -8313.2602  0.3846 
   00092    0.4140   -8356.4621  0.3891 
   00093    0.4064   -8381.7789  0.3873 
   00094    0.4060   -8372.1645  0.3757 
   00095    0.4260   -8321.3805  0.3769 
   00096    0.4112   -8363.6490  0.3709 
   00097    0.4208   -8368.4802  0.3789 
   00098    0.4112   -8364.0370  0.3834 
   00099    0.4132   -8402.1901  0.3876 
   00100    0.4196   -8392.6763  0.3832 
   00101    0.3952   -8340.1753  0.3833 
   00102    0.4220   -8331.5644  0.3681 
   00103    0.4128   -8381.2403  0.3708 
   00104    0.4164   -8377.6919  0.3743 
   00105    0.4084   -8387.8770  0.3794 
   00106    0.4104   -8412.8853  0.3756 
   00107    0.4132   -8427.1613  0.3811 
   00108    0.4180   -8393.9436  0.3843 
   00109    0.4104   -8399.6672  0.3771 
   00110    0.4384   -8371.1537  0.3773 
   00111    0.4316   -8349.4203  0.3782 
   00112    0.4188   -8372.4619  0.3762 
   00113    0.3972   -8368.1304  0.3733 
   00114    0.4080   -8379.1413  0.3727 
   00115    0.4084   -8395.5214  0.3703 
   00116    0.4228   -8380.6910  0.3654 
   00117    0.4080   -8374.2678  0.3624 
   00118    0.4232   -8412.4184  0.3690 
   00119    0.4188   -8378.0734  0.3726 
   00120    0.4232   -8361.5921  0.3695 
   00121    0.4004   -8377.8227  0.3633 
   00122    0.4116   -8428.0846  0.3587 
   00123    0.4116   -8377.6354  0.3539 
   00124    0.4020   -8402.9110  0.3585 
   00125    0.4132   -8384.0903  0.3552 
   00126    0.4080   -8379.2384  0.3574 
   00127    0.4188   -8460.2688  0.3542 
   00128    0.4084   -8469.3741  0.3545 
   00129    0.4072   -8464.6460  0.3536 
   00130    0.4108   -8413.9103  0.3548 
   00131    0.4224   -8381.3300  0.3558 
   00132    0.4132   -8410.3855  0.3545 
   00133    0.4064   -8433.7260  0.3555 
   00134    0.4076   -8453.3489  0.3537 
   00135    0.4240   -8409.5133  0.3574 
   00136    0.4164   -8391.9481  0.3632 
   00137    0.3984   -8363.1013  0.3679 
   00138    0.4288   -8370.3684  0.3700 
   00139    0.4140   -8345.9988  0.3719 
   00140    0.4120   -8357.4250  0.3725 
   00141    0.4152   -8349.0509  0.3754 
   00142    0.4032   -8351.1587  0.3737 
   00143    0.4272   -8372.7776  0.3686 
   00144    0.4108   -8386.1218  0.3731 
   00145    0.4192   -8389.6697  0.3743 
   00146    0.4128   -8423.0016  0.3773 
   00147    0.4124   -8438.1386  0.3819 
   00148    0.4156   -8431.7527  0.3823 
   00149    0.4172   -8441.8503  0.3821 
   00150    0.4220   -8436.7476  0.3797 
   00151    0.4088   -8462.8736  0.3807 
   00152    0.4160   -8470.6189  0.3852 
   00153    0.4116   -8441.6198  0.3842 
   00154    0.4188   -8419.1630  0.3807 
   00155    0.4144   -8424.9340  0.3851 
   00156    0.4136   -8449.3311  0.3788 
   00157    0.3928   -8465.2789  0.3824 
   00158    0.4208   -8424.9258  0.3748 
   00159    0.4236   -8470.2536  0.3724 
   00160    0.4100   -8427.0455  0.3670 
   00161    0.3992   -8475.2861  0.3692 
   00162    0.3988   -8441.8939  0.3651 
   00163    0.4308   -8408.3461  0.3632 
   00164    0.4116   -8431.5006  0.3679 
   00165    0.4328   -8431.0242  0.3659 
   00166    0.3928   -8453.6883  0.3672 
   00167    0.4068   -8440.4089  0.3712 
   00168    0.4248   -8454.9713  0.3771 
   00169    0.4284   -8432.5290  0.3790 
   00170    0.4180   -8419.9334  0.3794 
   00171    0.4316   -8427.9744  0.3744 
   00172    0.4184   -8440.5336  0.3723 
   00173    0.4112   -8458.3505  0.3747 
   00174    0.4260   -8463.1286  0.3764 
   00175    0.4292   -8478.4539  0.3727 
   00176    0.4140   -8452.4852  0.3779 
   00177    0.4184   -8490.9958  0.3718 
   00178    0.4112   -8497.9865  0.3713 
   00179    0.4056   -8475.4343  0.3706 
   00180    0.4216   -8455.6386  0.3659 
   00181    0.4152   -8437.8550  0.3684 
   00182    0.4084   -8480.3860  0.3684 
   00183    0.3896   -8459.0131  0.3664 
   00184    0.4080   -8460.5446  0.3665 
   00185    0.4096   -8449.2953  0.3677 
   00186    0.3992   -8430.5417  0.3703 
   00187    0.4260   -8419.6060  0.3683 
   00188    0.4292   -8437.2758  0.3652 
   00189    0.4172   -8458.2359  0.3668 
   00190    0.4236   -8443.4802  0.3737 
   00191    0.4076   -8444.9600  0.3784 
   00192    0.4192   -8446.3800  0.3739 
   00193    0.4256   -8448.2070  0.3771 
   00194    0.4124   -8449.2365  0.3793 
   00195    0.4288   -8405.1447  0.3789 
   00196    0.4060   -8442.7497  0.3823 
   00197    0.4032   -8469.0253  0.3830 
   00198    0.4160   -8483.5134  0.3862 
   00199    0.4208   -8425.6053  0.3853 
   00200    0.3996   -8447.3152  0.3881 
   00201    0.4312   -8471.4131  0.3923 
   00202    0.4036   -8518.5858  0.3899 
   00203    0.4188   -8492.0416  0.3933 
   00204    0.4228   -8476.2535  0.3977 
   00205    0.4252   -8497.2917  0.3900 
   00206    0.4244   -8518.1916  0.3907 
   00207    0.3976   -8508.3281  0.3841 
   00208    0.4008   -8507.6097  0.3833 
   00209    0.3864   -8464.0018  0.3812 
   00210    0.4144   -8485.4345  0.3812 
   00211    0.4116   -8475.8893  0.3829 
   00212    0.4260   -8479.6206  0.3833 
   00213    0.4032   -8422.0640  0.3861 
   00214    0.4220   -8390.7141  0.3838 
   00215    0.4240   -8440.6115  0.3781 
   00216    0.4232   -8476.9939  0.3834 
   00217    0.4012   -8472.2655  0.3867 
   00218    0.3992   -8462.6904  0.3858 
   00219    0.4376   -8486.8224  0.3881 
   00220    0.4192   -8489.5643  0.3879 
   00221    0.3988   -8458.2613  0.3844 
   00222    0.4096   -8449.8981  0.3897 
   00223    0.4332   -8416.6006  0.3878 
   00224    0.4236   -8416.4652  0.3931 
   00225    0.4140   -8404.9607  0.3910 
   00226    0.4212   -8407.1661  0.3858 
   00227    0.4164   -8435.8241  0.3901 
   00228    0.4064   -8376.4552  0.3935 
   00229    0.4268   -8402.3889  0.3954 
   00230    0.4160   -8405.0064  0.3965 
   00231    0.4292   -8432.5849  0.3967 
   00232    0.4020   -8430.2947  0.4046 
   00233    0.4144   -8444.8860  0.4083 
   00234    0.4164   -8509.4304  0.4120 
   00235    0.4056   -8463.1186  0.4083 
   00236    0.4116   -8464.5971  0.4071 
   00237    0.4212   -8475.8491  0.4025 
   00238    0.4236   -8470.8599  0.4027 
   00239    0.4364   -8456.1531  0.4033 
   00240    0.4040   -8439.6559  0.4015 
   00241    0.4176   -8452.5056  0.4031 
   00242    0.4132   -8463.7870  0.4091 
   00243    0.4120   -8489.0902  0.4143 
   00244    0.4132   -8497.9191  0.4210 
   00245    0.4080   -8550.1635  0.4237 
   00246    0.4148   -8501.9765  0.4276 
   00247    0.4112   -8499.5433  0.4326 
   00248    0.4140   -8503.9110  0.4253 
   00249    0.4040   -8529.0844  0.4278 
   00250    0.4100   -8518.7793  0.4289 
   00251    0.4148   -8528.7497  0.4347 
   00252    0.4172   -8525.0457  0.4377 
   00253    0.4032   -8574.1554  0.4362 
   00254    0.4044   -8549.9291  0.4381 
   00255    0.4276   -8545.8387  0.4388 
   00256    0.4116   -8585.7375  0.4451 
   00257    0.3948   -8570.1883  0.4426 
   00258    0.4088   -8561.6677  0.4429 
   00259    0.4136   -8574.4346  0.4474 
   00260    0.4204   -8525.5353  0.4518 
   00261    0.4196   -8551.6569  0.4514 
   00262    0.4032   -8558.6106  0.4503 
   00263    0.4048   -8500.5682  0.4517 
   00264    0.4024   -8527.2111  0.4565 
   00265    0.4144   -8561.7244  0.4632 
   00266    0.4076   -8484.8763  0.4584 
   00267    0.4084   -8508.7685  0.4544 
   00268    0.4044   -8533.8474  0.4583 
   00269    0.4012   -8541.6179  0.4582 
   00270    0.4272   -8546.4334  0.4626 
   00271    0.4064   -8520.1138  0.4654 
   00272    0.4108   -8500.2860  0.4647 
   00273    0.4148   -8498.7150  0.4689 
   00274    0.4048   -8433.1961  0.4657 
   00275    0.3904   -8409.2052  0.4586 
   00276    0.4128   -8410.5438  0.4610 
   00277    0.4328   -8438.1197  0.4598 
   00278    0.4028   -8399.7681  0.4616 
   00279    0.4104   -8421.9111  0.4570 
   00280    0.4080   -8440.0023  0.4574 
   00281    0.4124   -8482.8639  0.4562 
   00282    0.4000   -8482.3674  0.4584 
   00283    0.4136   -8483.6933  0.4494 
   00284    0.4072   -8466.2860  0.4489 
   00285    0.4196   -8445.1676  0.4478 
   00286    0.4068   -8460.2526  0.4481 
   00287    0.3968   -8485.5478  0.4509 
   00288    0.4116   -8446.0600  0.4528 
   00289    0.4248   -8446.4056  0.4505 
   00290    0.4084   -8476.1847  0.4572 
   00291    0.4240   -8427.2059  0.4525 
   00292    0.4184   -8464.9215  0.4601 
   00293    0.4092   -8495.3696  0.4644 
   00294    0.4252   -8465.7227  0.4649 
   00295    0.4212   -8449.4719  0.4649 
   00296    0.3996   -8450.4079  0.4656 
   00297    0.4108   -8441.0823  0.4619 
   00298    0.4100   -8417.1497  0.4673 
   00299    0.4128   -8461.8646  0.4621 
   00300    0.4044   -8504.4941  0.4648 
   00301    0.3968   -8484.8698  0.4663 
   00302    0.4084   -8505.3202  0.4690 
   00303    0.4136   -8461.6964  0.4679 
   00304    0.4024   -8431.2898  0.4682 
   00305    0.4096   -8446.0864  0.4687 
   00306    0.4232   -8455.4705  0.4680 
   00307    0.4092   -8445.1566  0.4699 
   00308    0.4016   -8451.0945  0.4709 
   00309    0.4244   -8446.5317  0.4733 
   00310    0.3932   -8481.7152  0.4762 
   00311    0.4052   -8535.7810  0.4811 
   00312    0.4268   -8524.1575  0.4834 
   00313    0.4092   -8509.5880  0.4863 
   00314    0.4208   -8566.0969  0.4874 
   00315    0.4140   -8525.5571  0.4888 
   00316    0.4124   -8507.1886  0.4810 
   00317    0.4220   -8511.3169  0.4825 
   00318    0.4156   -8498.9630  0.4842 
   00319    0.4272   -8471.2530  0.4802 
   00320    0.4132   -8493.0934  0.4827 
   00321    0.3996   -8508.6780  0.4795 
   00322    0.4104   -8546.6064  0.4828 
   00323    0.4240   -8499.5656  0.4787 
   00324    0.4024   -8516.7747  0.4720 
   00325    0.4040   -8506.0188  0.4733 
   00326    0.4092   -8509.4761  0.4733 
   00327    0.4124   -8450.9950  0.4747 
   00328    0.4004   -8373.3378  0.4730 
   00329    0.4264   -8356.8227  0.4722 
   00330    0.4172   -8462.4619  0.4772 
   00331    0.4232   -8465.6572  0.4801 
   00332    0.4156   -8436.1421  0.4795 
   00333    0.4268   -8459.4505  0.4842 
   00334    0.3992   -8455.0070  0.4822 
   00335    0.4224   -8435.1541  0.4792 
   00336    0.4132   -8449.3161  0.4801 
   00337    0.4092   -8533.7997  0.4785 
   00338    0.4152   -8526.6894  0.4798 
   00339    0.4036   -8523.2378  0.4819 
   00340    0.4088   -8554.5028  0.4818 
   00341    0.4248   -8543.3306  0.4797 
   00342    0.4020   -8525.1061  0.4753 
   00343    0.4144   -8555.1529  0.4789 
   00344    0.4028   -8532.5999  0.4770 
   00345    0.4092   -8523.3610  0.4829 
   00346    0.4096   -8483.2390  0.4840 
   00347    0.4192   -8493.5187  0.4806 
   00348    0.4020   -8493.0668  0.4829 
   00349    0.4004   -8454.3525  0.4795 
   00350    0.4188   -8419.0881  0.4815 
   00351    0.4008   -8441.0750  0.4788 
   00352    0.4128   -8408.1196  0.4785 
   00353    0.4028   -8432.8961  0.4830 
   00354    0.4292   -8430.8385  0.4827 
   00355    0.4080   -8414.8678  0.4774 
   00356    0.4224   -8437.0423  0.4777 
   00357    0.4296   -8463.3241  0.4860 
   00358    0.4124   -8435.4048  0.4815 
   00359    0.4120   -8473.1870  0.4910 
   00360    0.4144   -8511.7170  0.4905 
   00361    0.4036   -8516.9019  0.4809 
   00362    0.4084   -8507.7484  0.4819 
   00363    0.4132   -8445.3789  0.4818 
   00364    0.4188   -8451.9577  0.4847 
   00365    0.4092   -8456.1524  0.4807 
   00366    0.4080   -8448.3516  0.4786 
   00367    0.4152   -8456.2956  0.4771 
   00368    0.4068   -8489.0848  0.4732 
   00369    0.4088   -8498.7259  0.4745 
   00370    0.3984   -8410.1336  0.4703 
   00371    0.4172   -8470.6580  0.4737 
   00372    0.4148   -8451.9148  0.4757 
   00373    0.4304   -8448.8448  0.4714 
   00374    0.4092   -8477.3415  0.4677 
   00375    0.4068   -8504.8319  0.4727 
   00376    0.4076   -8501.8797  0.4794 
   00377    0.4212   -8522.5249  0.4722 
   00378    0.4120   -8526.4237  0.4744 
   00379    0.4092   -8497.8142  0.4724 
   00380    0.4112   -8555.8706  0.4761 
   00381    0.4140   -8515.5940  0.4753 
   00382    0.4136   -8542.2845  0.4770 
   00383    0.4100   -8516.0002  0.4740 
   00384    0.4148   -8455.7667  0.4663 
   00385    0.4228   -8439.4598  0.4657 
   00386    0.4036   -8492.8504  0.4607 
   00387    0.4192   -8519.3808  0.4639 
   00388    0.4144   -8477.4491  0.4654 
   00389    0.4120   -8435.5949  0.4689 
   00390    0.4072   -8430.0314  0.4674 
   00391    0.4224   -8452.6949  0.4683 
   00392    0.4076   -8440.1888  0.4670 
   00393    0.4056   -8428.8559  0.4692 
   00394    0.4216   -8475.1133  0.4678 
   00395    0.4176   -8472.9862  0.4696 
   00396    0.4116   -8537.0732  0.4662 
   00397    0.3932   -8546.6682  0.4713 
   00398    0.4104   -8538.3326  0.4766 
   00399    0.4220   -8473.6998  0.4680 
   00400    0.4240   -8460.0184  0.4635 
   00401    0.4252   -8456.5630  0.4678 
   00402    0.4040   -8528.7992  0.4745 
   00403    0.4116   -8502.1696  0.4747 
   00404    0.4008   -8444.9715  0.4725 
   00405    0.4024   -8423.8554  0.4669 
   00406    0.4072   -8483.6038  0.4664 
   00407    0.4164   -8476.9895  0.4606 
   00408    0.4164   -8479.8061  0.4567 
   00409    0.3992   -8484.1805  0.4526 
   00410    0.4028   -8546.6284  0.4547 
   00411    0.4060   -8514.5075  0.4548 
   00412    0.4064   -8503.6045  0.4474 
   00413    0.4120   -8482.5874  0.4514 
   00414    0.3904   -8490.8864  0.4558 
   00415    0.4296   -8501.1346  0.4560 
   00416    0.3956   -8459.7702  0.4537 
   00417    0.3964   -8487.2318  0.4564 
   00418    0.4048   -8484.2251  0.4533 
   00419    0.4080   -8460.9040  0.4501 
   00420    0.4160   -8423.5202  0.4534 
   00421    0.4216   -8401.1410  0.4520 
   00422    0.4176   -8426.3629  0.4487 
   00423    0.4144   -8420.5132  0.4451 
   00424    0.4252   -8434.3338  0.4400 
   00425    0.4176   -8497.4370  0.4390 
   00426    0.4332   -8478.5136  0.4435 
   00427    0.4196   -8469.6128  0.4363 
   00428    0.4200   -8456.9374  0.4384 
   00429    0.4268   -8484.0578  0.4460 
   00430    0.4008   -8490.8426  0.4492 
   00431    0.3976   -8527.2394  0.4497 
   00432    0.4224   -8547.7313  0.4486 
   00433    0.4160   -8534.5565  0.4494 
   00434    0.4176   -8519.4592  0.4494 
   00435    0.4080   -8541.8739  0.4567 
   00436    0.4192   -8509.4510  0.4598 
   00437    0.4040   -8551.1556  0.4612 
   00438    0.4056   -8500.6197  0.4657 
   00439    0.4276   -8464.5686  0.4649 
   00440    0.4248   -8481.8919  0.4668 
   00441    0.4320   -8487.6962  0.4722 
   00442    0.4108   -8468.8077  0.4692 
   00443    0.4132   -8480.1735  0.4720 
   00444    0.4000   -8460.3852  0.4729 
   00445    0.4124   -8468.8885  0.4715 
   00446    0.4120   -8471.9485  0.4691 
   00447    0.4160   -8442.1764  0.4720 
   00448    0.4148   -8423.1470  0.4706 
   00449    0.4104   -8497.5908  0.4679 
   00450    0.4036   -8489.3229  0.4684 
   00451    0.4068   -8473.0271  0.4687 
   00452    0.4004   -8499.1836  0.4633 
   00453    0.4280   -8504.3964  0.4643 
   00454    0.4052   -8507.7750  0.4707 
   00455    0.4168   -8485.2438  0.4699 
   00456    0.4296   -8504.7904  0.4661 
   00457    0.4132   -8534.7849  0.4604 
   00458    0.4160   -8537.2175  0.4628 
   00459    0.4184   -8547.7819  0.4596 
   00460    0.4180   -8474.2146  0.4614 
   00461    0.4040   -8492.5464  0.4579 
   00462    0.4188   -8546.3010  0.4594 
   00463    0.4108   -8541.6684  0.4568 
   00464    0.4136   -8576.1931  0.4607 
   00465    0.4100   -8516.1815  0.4626 
   00466    0.4116   -8520.7170  0.4640 
   00467    0.4184   -8498.5465  0.4640 
   00468    0.4172   -8551.2515  0.4606 
   00469    0.4068   -8528.7457  0.4607 
   00470    0.4120   -8535.6262  0.4676 
   00471    0.4228   -8510.6648  0.4658 
   00472    0.4260   -8505.3909  0.4672 
   00473    0.4040   -8471.3180  0.4683 
   00474    0.4008   -8446.4151  0.4683 
   00475    0.3992   -8489.9515  0.4701 
   00476    0.4136   -8489.8190  0.4666 
   00477    0.4036   -8493.9110  0.4647 
   00478    0.4288   -8495.4451  0.4707 
   00479    0.3960   -8498.8898  0.4681 
   00480    0.4256   -8477.5239  0.4682 
   00481    0.4160   -8465.5230  0.4736 
   00482    0.4172   -8479.5388  0.4664 
   00483    0.4144   -8453.1697  0.4661 
   00484    0.4092   -8514.1113  0.4713 
   00485    0.4220   -8477.1733  0.4704 
   00486    0.4008   -8502.2331  0.4731 
   00487    0.4376   -8533.1264  0.4718 
   00488    0.4152   -8531.1793  0.4755 
   00489    0.4160   -8520.3741  0.4790 
   00490    0.4064   -8485.3624  0.4794 
   00491    0.4112   -8512.7768  0.4829 
   00492    0.4132   -8519.6528  0.4805 
   00493    0.4024   -8534.4422  0.4799 
   00494    0.4124   -8567.0865  0.4828 
   00495    0.3968   -8561.2711  0.4840 
   00496    0.4256   -8556.7990  0.4833 
   00497    0.4172   -8557.6211  0.4815 
   00498    0.4104   -8522.8751  0.4790 
   00499    0.4264   -8487.8017  0.4779 
   00500    0.4224   -8494.9467  0.4713 
   00501    0.4068   -8469.0073  0.4743 
   00502    0.4260   -8534.1386  0.4861 
   00503    0.4196   -8513.5755  0.4836 
   00504    0.4056   -8541.9647  0.4856 
   00505    0.4120   -8543.8272  0.4842 
   00506    0.4184   -8579.9906  0.4908 
   00507    0.4076   -8580.6336  0.4887 
   00508    0.4020   -8595.2180  0.4900 
   00509    0.3972   -8578.2206  0.4937 
   00510    0.4148   -8564.5947  0.4946 
   00511    0.4116   -8527.1273  0.4951 
   00512    0.4060   -8506.4405  0.5041 
   00513    0.4024   -8486.4554  0.5064 
   00514    0.4280   -8523.9319  0.5095 
   00515    0.4256   -8505.7292  0.5050 
   00516    0.4120   -8525.9634  0.5026 
   00517    0.4160   -8531.8290  0.4989 
   00518    0.3920   -8547.9863  0.4960 
   00519    0.3976   -8518.0272  0.4988 
   00520    0.4116   -8517.5974  0.5038 
   00521    0.4136   -8516.0059  0.5071 
   00522    0.4108   -8473.8383  0.5049 
   00523    0.4040   -8479.2783  0.4999 
   00524    0.4220   -8465.2455  0.4902 
   00525    0.4236   -8525.9504  0.4934 
   00526    0.4148   -8502.8403  0.4893 
   00527    0.4128   -8501.7414  0.4877 
   00528    0.4276   -8470.1635  0.4884 
   00529    0.4320   -8409.1969  0.4891 
   00530    0.4112   -8450.9092  0.4896 
   00531    0.4128   -8507.6127  0.4930 
   00532    0.4076   -8466.5198  0.4939 
   00533    0.4036   -8480.0715  0.4862 
   00534    0.4200   -8457.0565  0.4903 
   00535    0.4268   -8456.5985  0.4929 
   00536    0.4128   -8441.8310  0.4879 
   00537    0.4164   -8438.4279  0.4837 
   00538    0.4208   -8447.1566  0.4856 
   00539    0.4172   -8466.0520  0.4826 
   00540    0.4048   -8489.5837  0.4801 
   00541    0.4020   -8499.2044  0.4794 
   00542    0.4068   -8502.1900  0.4789 
   00543    0.4188   -8525.1774  0.4773 
   00544    0.4164   -8506.1505  0.4801 
   00545    0.4064   -8484.6328  0.4829 
   00546    0.4304   -8508.0216  0.4826 
   00547    0.4132   -8493.9966  0.4780 
   00548    0.4000   -8500.7432  0.4758 
   00549    0.4056   -8472.3088  0.4757 
   00550    0.4008   -8491.8408  0.4748 
   00551    0.4256   -8530.3360  0.4797 
   00552    0.3912   -8474.9834  0.4763 
   00553    0.4084   -8468.0341  0.4747 
   00554    0.4016   -8507.6677  0.4735 
   00555    0.4172   -8495.3265  0.4673 
   00556    0.4020   -8521.8898  0.4715 
   00557    0.4136   -8522.9534  0.4776 
   00558    0.4076   -8561.2902  0.4748 
   00559    0.4252   -8513.6515  0.4749 
   00560    0.4044   -8556.4254  0.4782 
   00561    0.4112   -8545.4123  0.4763 
   00562    0.4136   -8541.6468  0.4792 
   00563    0.4192   -8578.0135  0.4809 
   00564    0.4028   -8570.9479  0.4833 
   00565    0.4012   -8596.9037  0.4849 
   00566    0.4064   -8597.2073  0.4826 
   00567    0.4104   -8513.2354  0.4849 
   00568    0.4120   -8510.2106  0.4920 
   00569    0.4300   -8497.8725  0.4935 
   00570    0.4040   -8501.5828  0.4944 
   00571    0.4148   -8475.2500  0.4898 
   00572    0.4408   -8481.4040  0.4927 
   00573    0.3968   -8553.2335  0.4968 
   00574    0.4144   -8525.0242  0.5010 
   00575    0.4188   -8485.7151  0.4983 
   00576    0.4256   -8511.8195  0.4953 
   00577    0.4144   -8498.6316  0.4946 
   00578    0.4088   -8532.2967  0.4954 
   00579    0.4108   -8524.7795  0.4912 
   00580    0.4288   -8498.3203  0.4911 
   00581    0.4268   -8482.9923  0.4958 
   00582    0.4200   -8468.4525  0.5010 
   00583    0.4108   -8544.6114  0.5017 
   00584    0.4028   -8553.8204  0.5012 
   00585    0.4072   -8552.7793  0.5000 
   00586    0.4252   -8535.7012  0.5075 
   00587    0.4160   -8529.3330  0.5090 
   00588    0.4240   -8513.5949  0.5113 
   00589    0.4036   -8513.9119  0.5120 
   00590    0.4072   -8556.5107  0.5133 
   00591    0.4160   -8552.4297  0.5191 
   00592    0.3984   -8522.2200  0.5133 
   00593    0.4172   -8496.2802  0.5142 
   00594    0.4216   -8547.3481  0.5096 
   00595    0.4136   -8520.9514  0.5080 
   00596    0.4260   -8524.0214  0.5059 
   00597    0.4188   -8519.0876  0.5060 
   00598    0.4320   -8516.0226  0.5068 
   00599    0.4144   -8548.3319  0.5051 
   00600    0.3880   -8566.1458  0.5097 
   00601    0.4104   -8586.3468  0.5060 
   00602    0.4116   -8594.6535  0.5065 
   00603    0.4168   -8580.6388  0.5043 
   00604    0.4156   -8620.1247  0.5025 
   00605    0.3976   -8593.3903  0.5102 
   00606    0.4112   -8524.2132  0.5108 
   00607    0.4188   -8515.9429  0.5127 
   00608    0.4064   -8563.5659  0.5117 
   00609    0.4108   -8573.9576  0.5093 
   00610    0.4156   -8516.9602  0.5108 
   00611    0.4196   -8529.5506  0.5084 
   00612    0.4152   -8531.0073  0.5015 
   00613    0.4176   -8553.2796  0.5060 
   00614    0.3948   -8546.2261  0.5073 
   00615    0.4072   -8494.1939  0.4971 
   00616    0.4036   -8544.1947  0.4983 
   00617    0.4056   -8461.8598  0.4996 
   00618    0.3976   -8517.2314  0.4993 
   00619    0.4328   -8519.4425  0.4992 
   00620    0.4120   -8533.8089  0.4967 
   00621    0.4164   -8516.2004  0.4936 
   00622    0.4212   -8533.6943  0.4953 
   00623    0.4040   -8495.7347  0.4933 
   00624    0.4348   -8492.9937  0.4921 
   00625    0.4148   -8514.6538  0.4930 
   00626    0.4080   -8486.3537  0.5005 
   00627    0.4076   -8473.4232  0.4976 
   00628    0.4156   -8473.5294  0.4963 
   00629    0.4248   -8496.2862  0.4990 
   00630    0.4100   -8550.6889  0.5019 
   00631    0.3948   -8564.6026  0.4962 
   00632    0.4200   -8566.3487  0.4936 
   00633    0.4144   -8578.8780  0.4900 
   00634    0.4156   -8563.8166  0.4933 
   00635    0.4016   -8569.8889  0.4928 
   00636    0.4272   -8542.6843  0.4900 
   00637    0.3996   -8526.0841  0.4902 
   00638    0.4028   -8577.1851  0.4937 
   00639    0.4100   -8505.9707  0.4851 
   00640    0.4076   -8482.4369  0.4798 
   00641    0.4072   -8465.1113  0.4792 
   00642    0.4084   -8482.7181  0.4788 
   00643    0.4152   -8470.4493  0.4773 
   00644    0.4148   -8493.0306  0.4797 
   00645    0.4368   -8464.8499  0.4769 
   00646    0.4160   -8500.0369  0.4802 
   00647    0.3996   -8475.3914  0.4830 
   00648    0.4052   -8469.8574  0.4893 
   00649    0.4212   -8460.1224  0.4884 
   00650    0.4160   -8534.0270  0.4923 
   00651    0.4104   -8527.2795  0.4935 
   00652    0.4336   -8535.8820  0.4988 
   00653    0.3996   -8519.5280  0.5006 
   00654    0.4236   -8526.7682  0.5001 
   00655    0.4140   -8491.5362  0.4984 
   00656    0.4104   -8466.3471  0.4959 
   00657    0.4244   -8449.8957  0.4955 
   00658    0.4108   -8464.1727  0.4925 
   00659    0.4000   -8498.6062  0.4927 
   00660    0.4016   -8504.7112  0.4931 
   00661    0.4192   -8539.2822  0.4972 
   00662    0.4204   -8498.5000  0.4923 
   00663    0.3972   -8481.7904  0.4921 
   00664    0.4156   -8495.2343  0.4923 
   00665    0.4312   -8525.8042  0.4906 
   00666    0.4100   -8522.0603  0.4942 
   00667    0.4008   -8564.8167  0.4982 
   00668    0.4212   -8545.5092  0.5003 
   00669    0.4064   -8564.1458  0.5018 
   00670    0.4096   -8547.2748  0.5005 
   00671    0.4064   -8571.7277  0.5047 
   00672    0.4240   -8550.3488  0.5118 
   00673    0.4236   -8536.6530  0.5123 
   00674    0.4148   -8493.5483  0.5038 
   00675    0.4112   -8480.5706  0.5113 
   00676    0.4272   -8486.2954  0.5199 
   00677    0.4152   -8484.0151  0.5158 
   00678    0.4184   -8540.1494  0.5206 
   00679    0.4272   -8575.7416  0.5221 
   00680    0.4104   -8544.9642  0.5168 
   00681    0.4232   -8551.1015  0.5232 
   00682    0.4244   -8561.1598  0.5257 
   00683    0.4204   -8564.9310  0.5237 
   00684    0.4080   -8553.1199  0.5252 
   00685    0.4000   -8524.3170  0.5252 
   00686    0.4180   -8524.3166  0.5272 
   00687    0.4040   -8520.8348  0.5268 
   00688    0.4156   -8530.1202  0.5326 
   00689    0.4164   -8528.1631  0.5288 
   00690    0.4256   -8474.9909  0.5292 
   00691    0.4188   -8434.3120  0.5251 
   00692    0.4164   -8451.7067  0.5215 
   00693    0.4112   -8455.4427  0.5229 
   00694    0.4180   -8478.3687  0.5191 
   00695    0.3964   -8483.4077  0.5174 
   00696    0.4200   -8447.4912  0.5148 
   00697    0.4208   -8518.4089  0.5105 
   00698    0.4184   -8536.7295  0.5087 
   00699    0.4112   -8564.7515  0.5061 
   00700    0.4120   -8584.1875  0.5106 
   00701    0.4068   -8555.6000  0.5058 
   00702    0.3976   -8559.5603  0.5050 
   00703    0.4064   -8530.2076  0.5064 
   00704    0.4132   -8538.8627  0.5043 
   00705    0.4124   -8502.1932  0.5029 
   00706    0.4152   -8545.4379  0.5002 
   00707    0.4068   -8530.9645  0.4997 
   00708    0.4232   -8595.0651  0.5041 
   00709    0.4112   -8578.1309  0.5065 
   00710    0.4172   -8567.2029  0.5025 
   00711    0.4200   -8547.5763  0.5068 
   00712    0.4276   -8535.1004  0.5097 
   00713    0.4076   -8516.8098  0.5139 
   00714    0.4152   -8547.5547  0.5174 
   00715    0.4168   -8477.4704  0.5180 
   00716    0.4232   -8493.5048  0.5211 
   00717    0.4208   -8441.1746  0.5188 
   00718    0.4192   -8446.2335  0.5135 
   00719    0.4228   -8507.6861  0.5193 
   00720    0.4316   -8490.9102  0.5199 
   00721    0.4260   -8512.0806  0.5199 
   00722    0.4020   -8508.6521  0.5088 
   00723    0.4216   -8499.8633  0.5069 
   00724    0.4076   -8454.0481  0.5108 
   00725    0.4152   -8432.8300  0.5107 
   00726    0.4056   -8453.6740  0.5127 
   00727    0.4076   -8456.6779  0.5124 
   00728    0.4084   -8504.1612  0.5190 
   00729    0.4048   -8480.7311  0.5170 
   00730    0.4232   -8499.5698  0.5152 
   00731    0.4248   -8536.2128  0.5072 
   00732    0.4164   -8614.2657  0.5018 
   00733    0.3976   -8607.0065  0.5001 
   00734    0.4048   -8595.0677  0.4995 
   00735    0.4160   -8571.1081  0.4944 
   00736    0.4196   -8561.9628  0.4958 
   00737    0.4280   -8593.7144  0.4960 
   00738    0.4100   -8580.2794  0.4929 
   00739    0.4088   -8562.6485  0.4917 
   00740    0.4076   -8619.3497  0.4916 
   00741    0.4064   -8587.8585  0.4908 
   00742    0.4092   -8612.5124  0.4915 
   00743    0.4072   -8616.1532  0.4932 
   00744    0.4068   -8565.1405  0.4895 
   00745    0.4016   -8589.2412  0.4879 
   00746    0.4044   -8552.5307  0.4830 
   00747    0.3892   -8552.3197  0.4898 
   00748    0.4144   -8521.9270  0.4958 
   00749    0.4084   -8544.8937  0.4953 
   00750    0.4192   -8517.4932  0.4976 
   00751    0.3968   -8506.8945  0.4971 
   00752    0.4272   -8471.8879  0.4993 
   00753    0.4388   -8499.0696  0.4951 
   00754    0.4268   -8531.7375  0.4976 
   00755    0.4312   -8535.4878  0.4929 
   00756    0.4328   -8563.7743  0.4932 
   00757    0.4164   -8582.6438  0.4955 
   00758    0.3960   -8598.5949  0.5004 
   00759    0.4168   -8594.1329  0.4984 
   00760    0.4120   -8580.2240  0.4975 
   00761    0.4044   -8572.2127  0.5043 
   00762    0.4196   -8580.8733  0.5052 
   00763    0.4228   -8579.7834  0.5048 
   00764    0.4108   -8586.1391  0.5027 
   00765    0.4088   -8614.8140  0.5049 
   00766    0.4164   -8569.1194  0.5015 
   00767    0.4080   -8526.0970  0.4980 
   00768    0.4128   -8576.1534  0.5009 
   00769    0.4104   -8576.3060  0.4975 
   00770    0.4168   -8552.2683  0.4979 
   00771    0.4024   -8563.7611  0.4882 
   00772    0.4296   -8572.3936  0.4849 
   00773    0.4012   -8556.6270  0.4832 
   00774    0.4196   -8555.0281  0.4851 
   00775    0.4052   -8522.3109  0.4820 
   00776    0.4056   -8523.2199  0.4804 
   00777    0.4116   -8513.3698  0.4788 
   00778    0.4240   -8512.5727  0.4866 
   00779    0.4228   -8474.6016  0.4830 
   00780    0.4012   -8452.6389  0.4803 
   00781    0.3848   -8454.4061  0.4805 
   00782    0.4212   -8440.3676  0.4765 
   00783    0.4052   -8450.8482  0.4742 
   00784    0.4096   -8480.5725  0.4784 
   00785    0.3920   -8438.6425  0.4757 
   00786    0.4264   -8474.5205  0.4758 
   00787    0.4220   -8452.5836  0.4813 
   00788    0.4240   -8450.1898  0.4829 
   00789    0.4048   -8526.7282  0.4867 
   00790    0.4144   -8545.5727  0.4852 
   00791    0.4048   -8539.9247  0.4930 
   00792    0.4036   -8515.4008  0.4940 
   00793    0.3920   -8529.4548  0.4964 
   00794    0.4104   -8521.6854  0.4928 
   00795    0.4188   -8535.0071  0.4915 
   00796    0.3924   -8583.1521  0.4948 
   00797    0.4152   -8614.0764  0.4966 
   00798    0.4112   -8574.2713  0.4910 
   00799    0.3984   -8562.4541  0.4911 
   00800    0.4264   -8537.6992  0.4950 
   00801    0.4324   -8530.9445  0.4933 
   00802    0.4112   -8546.5118  0.4980 
   00803    0.4100   -8502.5048  0.4957 
   00804    0.4212   -8537.3612  0.4901 
   00805    0.4016   -8571.6141  0.4894 
   00806    0.4100   -8507.9591  0.4880 
   00807    0.4116   -8520.7102  0.4840 
   00808    0.3992   -8514.0812  0.4787 
   00809    0.4228   -8502.2794  0.4848 
   00810    0.4044   -8485.0215  0.4921 
   00811    0.4080   -8475.9880  0.4878 
   00812    0.4132   -8507.4761  0.4938 
   00813    0.4176   -8585.9628  0.4950 
   00814    0.4024   -8598.8021  0.4957 
   00815    0.4200   -8580.5214  0.4996 
   00816    0.3980   -8602.3136  0.4957 
   00817    0.4064   -8571.0576  0.5034 
   00818    0.4092   -8589.1764  0.5001 
   00819    0.4036   -8589.7326  0.5076 
   00820    0.3992   -8536.8012  0.5065 
   00821    0.4224   -8537.1420  0.5106 
   00822    0.4040   -8552.3526  0.5140 
   00823    0.4144   -8557.5515  0.5128 
   00824    0.4148   -8554.0199  0.5205 
   00825    0.4140   -8552.9629  0.5258 
   00826    0.4224   -8538.3486  0.5330 
   00827    0.3980   -8596.7516  0.5403 
   00828    0.4168   -8559.2096  0.5427 
   00829    0.3992   -8570.3986  0.5433 
   00830    0.4220   -8561.3780  0.5457 
   00831    0.4040   -8552.1718  0.5474 
   00832    0.4016   -8569.7800  0.5424 
   00833    0.4076   -8556.0229  0.5430 
   00834    0.4172   -8556.6300  0.5390 
   00835    0.4224   -8539.6999  0.5385 
   00836    0.4180   -8517.1089  0.5340 
   00837    0.4100   -8552.7394  0.5371 
   00838    0.4248   -8571.1129  0.5397 
   00839    0.3928   -8585.7396  0.5386 
   00840    0.4068   -8552.7036  0.5344 
   00841    0.4172   -8524.0556  0.5359 
   00842    0.3984   -8521.2329  0.5378 
   00843    0.4212   -8544.1697  0.5425 
   00844    0.4116   -8512.3643  0.5476 
   00845    0.4008   -8551.4484  0.5552 
   00846    0.4252   -8529.0705  0.5491 
   00847    0.4228   -8508.0862  0.5511 
   00848    0.4256   -8500.2294  0.5583 
   00849    0.4052   -8494.0585  0.5566 
   00850    0.4192   -8460.7003  0.5579 
   00851    0.4044   -8479.1462  0.5578 
   00852    0.4116   -8532.1592  0.5595 
   00853    0.4072   -8560.1308  0.5579 
   00854    0.4008   -8593.9810  0.5472 
   00855    0.4108   -8591.5564  0.5452 
   00856    0.3908   -8559.3072  0.5431 
   00857    0.4144   -8552.7717  0.5459 
   00858    0.4020   -8505.2232  0.5503 
   00859    0.4116   -8506.9512  0.5499 
   00860    0.4052   -8526.4532  0.5496 
   00861    0.3960   -8553.4234  0.5494 
   00862    0.3796   -8591.4932  0.5435 
   00863    0.4196   -8565.3062  0.5441 
   00864    0.4164   -8540.5021  0.5413 
   00865    0.4080   -8530.7749  0.5419 
   00866    0.4024   -8554.0497  0.5419 
   00867    0.3944   -8575.6635  0.5417 
   00868    0.4272   -8596.8913  0.5474 
   00869    0.4056   -8597.3183  0.5541 
   00870    0.4056   -8558.5892  0.5512 
   00871    0.4300   -8538.7195  0.5571 
   00872    0.4220   -8554.3136  0.5572 
   00873    0.4068   -8580.3370  0.5635 
   00874    0.4152   -8603.8521  0.5673 
   00875    0.3948   -8632.9117  0.5715 
   00876    0.4128   -8630.7286  0.5699 
   00877    0.4064   -8603.1993  0.5726 
   00878    0.4192   -8560.7268  0.5718 
   00879    0.4204   -8574.0182  0.5695 
   00880    0.4148   -8552.2382  0.5642 
   00881    0.4280   -8553.0114  0.5660 
   00882    0.4152   -8543.2735  0.5624 
   00883    0.4108   -8531.1025  0.5663 
   00884    0.3908   -8565.7687  0.5678 
   00885    0.4224   -8564.8777  0.5681 
   00886    0.4024   -8588.0912  0.5707 
   00887    0.4172   -8583.5620  0.5692 
   00888    0.4156   -8592.7690  0.5721 
   00889    0.4260   -8583.3227  0.5749 
   00890    0.4272   -8619.8079  0.5756 
   00891    0.4188   -8583.1184  0.5761 
   00892    0.4088   -8569.6243  0.5767 
   00893    0.4028   -8526.9052  0.5772 
   00894    0.4276   -8553.2279  0.5767 
   00895    0.4116   -8577.3624  0.5814 
   00896    0.4184   -8520.4248  0.5752 
   00897    0.4304   -8486.5714  0.5711 
   00898    0.4108   -8483.5270  0.5716 
   00899    0.4120   -8513.5992  0.5770 
   00900    0.4012   -8533.8138  0.5751 
   00901    0.4300   -8508.0033  0.5707 
   00902    0.4056   -8496.0500  0.5728 
   00903    0.4056   -8509.8350  0.5757 
   00904    0.4084   -8507.8615  0.5792 
   00905    0.4140   -8533.1711  0.5782 
   00906    0.4188   -8565.8378  0.5795 
   00907    0.4092   -8582.6962  0.5784 
   00908    0.4380   -8553.7602  0.5787 
   00909    0.4116   -8489.6033  0.5811 
   00910    0.4008   -8482.0614  0.5790 
   00911    0.4228   -8485.1422  0.5790 
   00912    0.3940   -8477.3827  0.5787 
   00913    0.4164   -8475.6568  0.5823 
   00914    0.4016   -8521.1768  0.5800 
   00915    0.4100   -8525.5985  0.5816 
   00916    0.4052   -8517.0953  0.5870 
   00917    0.4084   -8531.6678  0.5844 
   00918    0.4080   -8564.3434  0.5828 
   00919    0.4032   -8575.9915  0.5840 
   00920    0.4100   -8599.7395  0.5857 
   00921    0.4024   -8599.1391  0.5903 
   00922    0.4016   -8582.3564  0.5879 
   00923    0.4196   -8557.1187  0.5895 
   00924    0.4028   -8575.1120  0.5869 
   00925    0.4044   -8550.8565  0.5886 
   00926    0.4024   -8554.7094  0.5861 
   00927    0.4164   -8546.6150  0.5862 
   00928    0.4160   -8534.5546  0.5820 
   00929    0.3976   -8522.1424  0.5840 
   00930    0.4104   -8532.2271  0.5827 
   00931    0.3988   -8489.6205  0.5855 
   00932    0.4076   -8482.4369  0.5861 
   00933    0.4028   -8470.1037  0.5880 
   00934    0.3920   -8460.6706  0.5831 
   00935    0.4028   -8462.4288  0.5817 
   00936    0.3956   -8472.7877  0.5849 
   00937    0.4112   -8501.2452  0.5901 
   00938    0.4108   -8545.6496  0.5854 
   00939    0.4052   -8558.3342  0.5875 
   00940    0.4156   -8527.8986  0.5848 
   00941    0.3896   -8506.6223  0.5838 
   00942    0.4068   -8577.5473  0.5907 
   00943    0.4036   -8557.5196  0.5895 
   00944    0.4240   -8564.0674  0.5911 
   00945    0.4108   -8583.0433  0.5954 
   00946    0.3900   -8573.8611  0.5964 
   00947    0.4064   -8584.3134  0.5996 
   00948    0.3980   -8560.5595  0.5939 
   00949    0.4136   -8599.3573  0.5991 
   00950    0.3948   -8586.0714  0.5869 
   00951    0.4068   -8573.4412  0.5761 
   00952    0.4212   -8607.4296  0.5800 
   00953    0.4112   -8592.4736  0.5800 
   00954    0.4064   -8567.6960  0.5777 
   00955    0.4100   -8551.8388  0.5743 
   00956    0.4200   -8534.7638  0.5721 
   00957    0.4136   -8533.4022  0.5711 
   00958    0.4040   -8547.7277  0.5710 
   00959    0.4092   -8555.6617  0.5727 
   00960    0.4048   -8516.9347  0.5743 
   00961    0.4116   -8526.9850  0.5748 
   00962    0.3968   -8522.4054  0.5761 
   00963    0.4056   -8529.2762  0.5725 
   00964    0.4020   -8509.0761  0.5740 
   00965    0.4076   -8540.8558  0.5750 
   00966    0.4040   -8561.2906  0.5773 
   00967    0.4088   -8527.0730  0.5717 
   00968    0.4116   -8521.1305  0.5749 
   00969    0.4196   -8538.7092  0.5741 
   00970    0.4076   -8553.4333  0.5741 
   00971    0.4148   -8542.1721  0.5763 
   00972    0.3976   -8536.4065  0.5762 
   00973    0.4016   -8548.2452  0.5746 
   00974    0.4104   -8524.3735  0.5763 
   00975    0.4048   -8545.0030  0.5775 
   00976    0.3992   -8539.7550  0.5779 
   00977    0.4140   -8523.0340  0.5760 
   00978    0.4124   -8558.8519  0.5774 
   00979    0.4208   -8541.4411  0.5706 
   00980    0.4004   -8536.8833  0.5699 
   00981    0.4224   -8516.8582  0.5655 
   00982    0.3932   -8558.6285  0.5644 
   00983    0.4032   -8580.8929  0.5637 
   00984    0.4032   -8540.2465  0.5601 
   00985    0.4072   -8513.5937  0.5574 
   00986    0.4212   -8516.4056  0.5574 
   00987    0.4032   -8553.2932  0.5562 
   00988    0.4064   -8543.5064  0.5581 
   00989    0.3976   -8586.0612  0.5586 
   00990    0.4044   -8524.9708  0.5575 
   00991    0.4248   -8544.9204  0.5632 
   00992    0.3992   -8542.5539  0.5638 
   00993    0.4284   -8553.9451  0.5587 
   00994    0.4212   -8532.7739  0.5598 
   00995    0.4092   -8549.7479  0.5585 
   00996    0.4088   -8585.9586  0.5524 
   00997    0.4128   -8583.3199  0.5529 
   00998    0.4012   -8582.0859  0.5522 
   00999    0.4012   -8538.0352  0.5474 
   01000    0.4224   -8512.1998  0.5490 
