#=====================================================
# File created:        Thu-31-Oct-2024-at-02-25-32AM
# Size of lattice:     50x50
# Number of MC steps:  1000
# Reduced temperature: 0.500
# Run time (s):        0.540606
#=====================================================
# MC step:  Ratio:     Energy:   Order:
#=====================================================
   00000    0.5000   -2452.3101  0.2660 
   00001    1.0000   -2510.8442  0.2678 
   00002    1.0000   -2523.7131  0.2591 
   00003    1.0000   -2531.5807  0.2596 
   00004    1.0000   -2495.9146  0.2547 
   00005    1.0000   -2439.3762  0.2593 
   00006    1.0000   -2480.8530  0.2595 
   00007    1.0000   -2466.2708  0.2526 
   00008    1.0000   -2515.7117  0.2597 
   00009    1.0000   -2493.5489  0.2659 
   00010    1.0000   -2396.9042  0.2688 
   00011    1.0000   -2417.0226  0.2708 
   00012    1.0000   -2336.0647  0.2791 
   00013    1.0000   -2405.0645  0.2769 
   00014    1.0000   -2413.9921  0.2613 
   00015    1.0000   -2482.4158  0.2592 
   00016    1.0000   -2498.5436  0.2571 
   00017    1.0000   -2445.5522  0.2607 
   00018    1.0000   -2448.5841  0.2653 
   00019    1.0000   -2447.1836  0.2688 
   00020    0.0000   -2533.9310  0.2624 
   00021    1.0000   -2448.4549  0.2578 
   00022    1.0000   -2567.4835  0.2606 
   00023    1.0000   -2550.4624  0.2666 
   00024    1.0000   -2570.7889  0.2690 
   00025    1.0000   -2568.2703  0.2594 
   00026    1.0000   -2489.3931  0.2647 
   00027    1.0000   -2471.3472  0.2640 
   00028    1.0000   -2449.9031  0.2731 
   00029    1.0000   -2374.8669  0.2725 
   00030    1.0000   -2392.8583  0.2682 
   00031    1.0000   -2383.5861  0.2740 
   00032    1.0000   -2512.2541  0.2818 
   00033    1.0000   -2554.2770  0.2794 
   00034    1.0000   -2512.8159  0.2788 
   00035    1.0000   -2588.0355  0.2828 
   00036    1.0000   -2516.9894  0.2834 
   00037    0.0000   -2445.0556  0.2890 
   00038    1.0000   -2432.9735  0.2756 
   00039    1.0000   -2368.3271  0.2718 
   00040    1.0000   -2476.1602  0.2732 
   00041    1.0000   -2531.8904  0.2601 
   00042    0.0000   -2549.3441  0.2590 
   00043    1.0000   -2507.5437  0.2631 
   00044    1.0000   -2554.2045  0.2586 
   00045    1.0000   -2586.7786  0.2542 
   00046    1.0000   -2593.8284  0.2581 
   00047    1.0000   -2453.1983  0.2650 
   00048    1.0000   -2454.4554  0.2570 
   00049    1.0000   -2469.1631  0.2689 
   00050    1.0000   -2495.1456  0.2677 
   00051    1.0000   -2458.1692  0.2599 
   00052    1.0000   -2393.9127  0.2581 
   00053    1.0000   -2491.1802  0.2534 
   00054    1.0000   -2547.0231  0.2584 
   00055    1.0000   -2412.2302  0.2561 
   00056    1.0000   -2429.7296  0.2607 
   00057    1.0000   -2447.8925  0.2617 
   00058    1.0000   -2443.5641  0.2632 
   00059    1.0000   -2562.4900  0.2591 
   00060    1.0000   -2532.5792  0.2579 
   00061    1.0000   -2451.9563  0.2715 
   00062    1.0000   -2533.9381  0.2664 
   00063    1.0000   -2598.5364  0.2679 
   00064    1.0000   -2592.3699  0.2733 
   00065    1.0000   -2604.3070  0.2669 
   00066    1.0000   -2593.9367  0.2696 
   00067    1.0000   -2515.9611  0.2688 
   00068    0.0000   -2494.5986  0.2608 
   00069    1.0000   -2574.6463  0.2612 
   00070    1.0000   -2509.1062  0.2692 
   00071    1.0000   -2623.8327  0.2702 
   00072    1.0000   -2551.3151  0.2678 
   00073    1.0000   -2551.8206  0.2598 
   00074    1.0000   -2466.8196  0.2583 
   00075    1.0000   -2591.6121  0.2579 
   00076    1.0000   -2529.2262  0.2694 
   00077    1.0000   -2575.2948  0.2752 
   00078    1.0000   -2588.8819  0.2683 
   00079    1.0000   -2480.6930  0.2727 
   00080    1.0000   -2525.5086  0.2670 
   00081    1.0000   -2436.7303  0.2628 
   00082    1.0000   -2380.9978  0.2596 
   00083    1.0000   -2363.0234  0.2581 
   00084    1.0000   -2406.8210  0.2584 
   00085    1.0000   -2513.3061  0.2516 
   00086    1.0000   -2537.3571  0.2610 
   00087    0.0000   -2484.0632  0.2692 
   00088    1.0000   -2501.3076  0.2731 
   00089    1.0000   -2474.6502  0.2679 
   00090    1.0000   -2477.1919  0.2675 
   00091    1.0000   -2496.3866  0.2675 
   00092    1.0000   -2456.2423  0.2566 
   00093    1.0000   -2397.3368  0.2603 
   00094    0.0000   -2482.2902  0.2555 
   00095    1.0000   -2599.8068  0.2620 
   00096    1.0000   -2552.3587  0.2653 
   00097    1.0000   -2574.1400  0.2535 
   00098    1.0000   -2627.5137  0.2619 
   00099    1.0000   -2548.0460  0.2648 
   00100    1.0000   -2513.2882  0.2630 
   00101    1.0000   -2617.5059  0.2667 
   00102    1.0000   -2460.3177  0.2619 
   00103    1.0000   -2510.7432  0.2565 
   00104    1.0000   -2389.6553  0.2589 
   00105    1.0000   -2496.9057  0.2527 
   00106    1.0000   -2504.5428  0.2594 
   00107    1.0000   -2478.2066  0.2644 
   00108    1.0000   -2440.8575  0.2707 
   00109    1.0000   -2530.6198  0.2718 
   00110    1.0000   -2527.2197  0.2687 
   00111    1.0000   -2504.0535  0.2649 
   00112    1.0000   -2487.6211  0.2565 
   00113    1.0000   -2421.1149  0.2594 
   00114    1.0000   -2574.8221  0.2614 
   00115    0.0000   -2583.0734  0.2768 
   00116    1.0000   -2541.1792  0.2742 
   00117    1.0000   -2503.8381  0.2747 
   00118    1.0000   -2528.7761  0.2863 
   00119    1.0000   -2413.2672  0.2712 
   00120    1.0000   -2372.9977  0.2600 
   00121    1.0000   -2354.9511  0.2661 
   00122    1.0000   -2439.8040  0.2577 
   00123    1.0000   -2367.2043  0.2696 
   00124    1.0000   -2453.7091  0.2614 
   00125    1.0000   -2455.0243  0.2598 
   00126    1.0000   -2502.4598  0.2623 
   00127    1.0000   -2521.1313  0.2657 
   00128    1.0000   -2498.9523  0.2695 
   00129    1.0000   -2491.7179  0.2665 
   00130    1.0000   -2330.1559  0.2699 
   00131    1.0000   -2323.2626  0.2584 
   00132    1.0000   -2411.4655  0.2605 
   00133    1.0000   -2462.9001  0.2617 
   00134    0.0000   -2487.9085  0.2670 
   00135    1.0000   -2629.6207  0.2620 
   00136    1.0000   -2555.9809  0.2526 
   00137    1.0000   -2491.4750  0.2622 
   00138    1.0000   -2554.8902  0.2697 
   00139    1.0000   -2676.6532  0.2566 
   00140    1.0000   -2553.3513  0.2580 
   00141    1.0000   -2473.5028  0.2561 
   00142    1.0000   -2519.1035  0.2652 
   00143    1.0000   -2555.4362  0.2710 
   00144    1.0000   -2572.7485  0.2676 
   00145    1.0000   -2486.2927  0.2733 
   00146    1.0000   -2500.8116  0.2776 
   00147    1.0000   -2559.8391  0.2721 
   00148    1.0000   -2480.4934  0.2774 
   00149    1.0000   -2536.6854  0.2766 
   00150    1.0000   -2532.8988  0.2770 
   00151    1.0000   -2525.9514  0.2753 
   00152    1.0000   -2573.3277  0.2774 
   00153    1.0000   -2530.7935  0.2602 
   00154    1.0000   -2600.6097  0.2541 
   00155    1.0000   -2633.9903  0.2619 
   00156    1.0000   -2609.3295  0.2511 
   00157    1.0000   -2557.7175  0.2620 
   00158    1.0000   -2470.4240  0.2543 
   00159    1.0000   -2490.8309  0.2527 
   00160    1.0000   -2501.6271  0.2546 
   00161    1.0000   -2533.4126  0.2626 
   00162    1.0000   -2495.5263  0.2629 
   00163    1.0000   -2502.7674  0.2529 
   00164    1.0000   -2531.8461  0.2638 
   00165    1.0000   -2532.8158  0.2587 
   00166    0.0000   -2588.7905  0.2647 
   00167    1.0000   -2621.0928  0.2620 
   00168    0.0000   -2488.6852  0.2610 
   00169    1.0000   -2520.9545  0.2647 
   00170    1.0000   -2657.5508  0.2627 
   00171    0.0000   -2554.8372  0.2569 
   00172    1.0000   -2525.8151  0.2543 
   00173    1.0000   -2465.8616  0.2527 
   00174    1.0000   -2520.0186  0.2534 
   00175    1.0000   -2560.5509  0.2546 
   00176    1.0000   -2636.8319  0.2563 
   00177    1.0000   -2578.3621  0.2534 
   00178    1.0000   -2499.6814  0.2559 
   00179    1.0000   -2564.1560  0.2570 
   00180    1.0000   -2510.8249  0.2556 
   00181    1.0000   -2625.9015  0.2523 
   00182    1.0000   -2445.2479  0.2604 
   00183    1.0000   -2561.8035  0.2563 
   00184    1.0000   -2518.4598  0.2578 
   00185    1.0000   -2465.3601  0.2571 
   00186    1.0000   -2395.8410  0.2569 
   00187    1.0000   -2404.9965  0.2569 
   00188    1.0000   -2474.6907  0.2610 
   00189    1.0000   -2524.7335  0.2663 
   00190    1.0000   -2538.1084  0.2682 
   00191    1.0000   -2466.3120  0.2557 
   00192    1.0000   -2451.8860  0.2601 
   00193    1.0000   -2324.3907  0.2621 
   00194    1.0000   -2390.0782  0.2593 
   00195    1.0000   -2320.3929  0.2597 
   00196    1.0000   -2369.5282  0.2588 
   00197    1.0000   -2457.5896  0.2590 
   00198    1.0000   -2603.9546  0.2585 
   00199    1.0000   -2619.5438  0.2562 
   00200    1.0000   -2558.5176  0.2589 
   00201    1.0000   -2507.2978  0.2615 
   00202    1.0000   -2505.3643  0.2601 
   00203    1.0000   -2505.9042  0.2555 
   00204    1.0000   -2520.0389  0.2527 
   00205    1.0000   -2534.7044  0.2599 
   00206    1.0000   -2539.8618  0.2700 
   00207    1.0000   -2528.3314  0.2820 
   00208    1.0000   -2539.8962  0.2732 
   00209    1.0000   -2537.1612  0.2766 
   00210    1.0000   -2446.6509  0.2782 
   00211    1.0000   -2431.6520  0.2681 
   00212    1.0000   -2438.2668  0.2636 
   00213    1.0000   -2446.2730  0.2528 
   00214    1.0000   -2500.6835  0.2596 
   00215    1.0000   -2400.3100  0.2643 
   00216    1.0000   -2590.0434  0.2604 
   00217    1.0000   -2571.9564  0.2548 
   00218    1.0000   -2627.6996  0.2567 
   00219    1.0000   -2512.9476  0.2566 
   00220    1.0000   -2489.1460  0.2565 
   00221    1.0000   -2528.6940  0.2619 
   00222    1.0000   -2561.0144  0.2619 
   00223    1.0000   -2545.1713  0.2577 
   00224    1.0000   -2506.3105  0.2573 
   00225    1.0000   -2624.4135  0.2643 
   00226    1.0000   -2589.8957  0.2760 
   00227    1.0000   -2587.8323  0.2778 
   00228    1.0000   -2573.9523  0.2719 
   00229    1.0000   -2401.4515  0.2729 
   00230    1.0000   -2361.3653  0.2657 
   00231    1.0000   -2380.4474  0.2646 
   00232    1.0000   -2466.0446  0.2741 
   00233    1.0000   -2448.5498  0.2742 
   00234    1.0000   -2453.2293  0.2639 
   00235    1.0000   -2451.7923  0.2574 
   00236    1.0000   -2511.7382  0.2533 
   00237    1.0000   -2446.4578  0.2560 
   00238    1.0000   -2500.8053  0.2582 
   00239    1.0000   -2473.8509  0.2571 
   00240    1.0000   -2528.2773  0.2538 
   00241    1.0000   -2577.2153  0.2570 
   00242    1.0000   -2552.2076  0.2643 
   00243    1.0000   -2583.9278  0.2720 
   00244    1.0000   -2586.4730  0.2540 
   00245    1.0000   -2622.8183  0.2644 
   00246    1.0000   -2641.8121  0.2594 
   00247    1.0000   -2580.7114  0.2604 
   00248    1.0000   -2581.1652  0.2591 
   00249    1.0000   -2436.5639  0.2734 
   00250    1.0000   -2474.1517  0.2683 
   00251    1.0000   -2521.0732  0.2615 
   00252    1.0000   -2363.3897  0.2722 
   00253    1.0000   -2512.5121  0.2721 
   00254    1.0000   -2520.6093  0.2620 
   00255    1.0000   -2487.5900  0.2661 
   00256    1.0000   -2480.2318  0.2602 
   00257    1.0000   -2544.5719  0.2703 
   00258    1.0000   -2483.0288  0.2618 
   00259    1.0000   -2470.8813  0.2662 
   00260    1.0000   -2393.6163  0.2686 
   00261    1.0000   -2398.6706  0.2626 
   00262    1.0000   -2459.4154  0.2694 
   00263    1.0000   -2487.0541  0.2749 
   00264    1.0000   -2535.2896  0.2732 
   00265    1.0000   -2478.2183  0.2782 
   00266    1.0000   -2494.9863  0.2715 
   00267    1.0000   -2592.7113  0.2602 
   00268    1.0000   -2570.7947  0.2602 
   00269    1.0000   -2653.3759  0.2611 
   00270    1.0000   -2654.4354  0.2672 
   00271    1.0000   -2442.0754  0.2640 
   00272    1.0000   -2479.1279  0.2644 
   00273    1.0000   -2504.7117  0.2651 
   00274    1.0000   -2515.4249  0.2543 
   00275    1.0000   -2443.6704  0.2628 
   00276    1.0000   -2444.8712  0.2643 
   00277    1.0000   -2412.0950  0.2592 
   00278    1.0000   -2434.2354  0.2508 
   00279    1.0000   -2450.8022  0.2531 
   00280    1.0000   -2469.8763  0.2601 
   00281    1.0000   -2419.8358  0.2535 
   00282    1.0000   -2443.1130  0.2587 
   00283    0.0000   -2439.5092  0.2585 
   00284    1.0000   -2529.5458  0.2612 
   00285    1.0000   -2478.3946  0.2545 
   00286    1.0000   -2455.5921  0.2584 
   00287    1.0000   -2456.1677  0.2669 
   00288    1.0000   -2423.3183  0.2707 
   00289    1.0000   -2418.3797  0.2663 
   00290    1.0000   -2353.9247  0.2612 
   00291    1.0000   -2498.2979  0.2658 
   00292    1.0000   -2561.5219  0.2572 
   00293    1.0000   -2621.8769  0.2574 
   00294    1.0000   -2602.5177  0.2600 
   00295    1.0000   -2662.6237  0.2660 
   00296    1.0000   -2660.5425  0.2596 
   00297    1.0000   -2606.4450  0.2659 
   00298    1.0000   -2572.9592  0.2608 
   00299    1.0000   -2455.2027  0.2556 
   00300    1.0000   -2527.4504  0.2635 
   00301    1.0000   -2500.4120  0.2703 
   00302    1.0000   -2492.3459  0.2688 
   00303    1.0000   -2537.6198  0.2730 
   00304    1.0000   -2548.7488  0.2656 
   00305    1.0000   -2629.4306  0.2629 
   00306    1.0000   -2624.0543  0.2645 
   00307    1.0000   -2662.4100  0.2644 
   00308    1.0000   -2647.8071  0.2554 
   00309    1.0000   -2593.9748  0.2626 
   00310    1.0000   -2593.4649  0.2607 
   00311    1.0000   -2487.9854  0.2624 
   00312    1.0000   -2512.8907  0.2666 
   00313    1.0000   -2551.2920  0.2691 
   00314    1.0000   -2480.9419  0.2782 
   00315    1.0000   -2471.4385  0.2796 
   00316    1.0000   -2429.9532  0.2902 
   00317    1.0000   -2544.6467  0.2748 
   00318    1.0000   -2571.1054  0.2637 
   00319    1.0000   -2600.6777  0.2641 
   00320    1.0000   -2559.1061  0.2711 
   00321    1.0000   -2569.7016  0.2783 
   00322    1.0000   -2573.6200  0.2665 
   00323    1.0000   -2606.4059  0.2571 
   00324    1.0000   -2665.2521  0.2654 
   00325    1.0000   -2527.2659  0.2521 
   00326    1.0000   -2553.2459  0.2631 
   00327    0.0000   -2490.3683  0.2716 
   00328    1.0000   -2564.2139  0.2645 
   00329    0.0000   -2402.9401  0.2597 
   00330    1.0000   -2363.6122  0.2622 
   00331    1.0000   -2464.7809  0.2660 
   00332    0.0000   -2611.8691  0.2657 
   00333    1.0000   -2581.9542  0.2664 
   00334    1.0000   -2550.0696  0.2588 
   00335    1.0000   -2479.7534  0.2651 
   00336    1.0000   -2535.9262  0.2638 
   00337    1.0000   -2520.4753  0.2714 
   00338    1.0000   -2508.6707  0.2732 
   00339    1.0000   -2517.6414  0.2644 
   00340    1.0000   -2496.0636  0.2613 
   00341    1.0000   -2484.5013  0.2591 
   00342    1.0000   -2447.9775  0.2517 
   00343    1.0000   -2372.6112  0.2585 
   00344    1.0000   -2421.6284  0.2553 
   00345    1.0000   -2380.3804  0.2569 
   00346    1.0000   -2472.6124  0.2694 
   00347    1.0000   -2488.9606  0.2679 
   00348    1.0000   -2414.6897  0.2705 
   00349    1.0000   -2466.3265  0.2754 
   00350    1.0000   -2441.8828  0.2590 
   00351    1.0000   -2347.9724  0.2656 
   00352    1.0000   -2355.0620  0.2690 
   00353    1.0000   -2366.5187  0.2539 
   00354    1.0000   -2449.1857  0.2601 
   00355    1.0000   -2421.9270  0.2580 
   00356    1.0000   -2429.8378  0.2572 
   00357    1.0000   -2539.2626  0.2587 
   00358    1.0000   -2522.6109  0.2580 
   00359    1.0000   -2515.9085  0.2572 
   00360    0.0000   -2508.9697  0.2595 
   00361    1.0000   -2495.3197  0.2595 
   00362    1.0000   -2553.6306  0.2578 
   00363    1.0000   -2601.6952  0.2552 
   00364    1.0000   -2551.1350  0.2625 
   00365    1.0000   -2575.1927  0.2533 
   00366    1.0000   -2474.7426  0.2584 
   00367    1.0000   -2398.1670  0.2531 
   00368    1.0000   -2492.2289  0.2570 
   00369    1.0000   -2540.0062  0.2651 
   00370    1.0000   -2574.6351  0.2689 
   00371    1.0000   -2499.2084  0.2595 
   00372    1.0000   -2536.7828  0.2672 
   00373    1.0000   -2587.0700  0.2591 
   00374    1.0000   -2534.1436  0.2692 
   00375    0.0000   -2639.5254  0.2685 
   00376    1.0000   -2543.8119  0.2611 
   00377    1.0000   -2581.9644  0.2644 
   00378    1.0000   -2508.6843  0.2708 
   00379    1.0000   -2594.8759  0.2607 
   00380    1.0000   -2453.0204  0.2547 
   00381    1.0000   -2403.0718  0.2689 
   00382    1.0000   -2482.9490  0.2675 
   00383    1.0000   -2497.4628  0.2561 
   00384    1.0000   -2659.1975  0.2665 
   00385    1.0000   -2598.4120  0.2682 
   00386    1.0000   -2720.2201  0.2645 
   00387    1.0000   -2738.8115  0.2538 
   00388    1.0000   -2736.7863  0.2557 
   00389    1.0000   -2650.4099  0.2650 
   00390    1.0000   -2666.6921  0.2597 
   00391    1.0000   -2623.2959  0.2611 
   00392    1.0000   -2657.8882  0.2560 
   00393    1.0000   -2575.7231  0.2595 
   00394    1.0000   -2607.4176  0.2586 
   00395    0.0000   -2635.9954  0.2575 
   00396    1.0000   -2565.5610  0.2587 
   00397    1.0000   -2470.5176  0.2633 
   00398    1.0000   -2563.9472  0.2568 
   00399    1.0000   -2524.5937  0.2564 
   00400    0.0000   -2467.4513  0.2645 
   00401    1.0000   -2484.7003  0.2687 
   00402    1.0000   -2459.3868  0.2721 
   00403    1.0000   -2459.7570  0.2736 
   00404    1.0000   -2618.0039  0.2714 
   00405    1.0000   -2594.6919  0.2641 
   00406    1.0000   -2631.0951  0.2627 
   00407    1.0000   -2518.1239  0.2546 
   00408    1.0000   -2530.0932  0.2537 
   00409    1.0000   -2452.4939  0.2632 
   00410    1.0000   -2550.4043  0.2665 
   00411    1.0000   -2501.7383  0.2647 
   00412    1.0000   -2593.6918  0.2571 
   00413    1.0000   -2554.1818  0.2595 
   00414    1.0000   -2499.0784  0.2595 
   00415    1.0000   -2454.7162  0.2619 
   00416    1.0000   -2518.7303  0.2756 
   00417    1.0000   -2479.1460  0.2809 
   00418    1.0000   -2574.4747  0.2898 
   00419    1.0000   -2518.6282  0.2819 
   00420    1.0000   -2447.2615  0.2698 
   00421    1.0000   -2514.7300  0.2663 
   00422    1.0000   -2488.1732  0.2713 
   00423    1.0000   -2496.8254  0.2632 
   00424    1.0000   -2503.3485  0.2591 
   00425    1.0000   -2648.7285  0.2599 
   00426    1.0000   -2513.3777  0.2676 
   00427    1.0000   -2463.0620  0.2676 
   00428    1.0000   -2470.4501  0.2533 
   00429    1.0000   -2453.7895  0.2597 
   00430    1.0000   -2466.5727  0.2590 
   00431    1.0000   -2501.6294  0.2547 
   00432    1.0000   -2605.2055  0.2524 
   00433    1.0000   -2520.0251  0.2615 
   00434    1.0000   -2556.1924  0.2704 
   00435    1.0000   -2467.9697  0.2776 
   00436    1.0000   -2510.8576  0.2807 
   00437    1.0000   -2512.9747  0.2714 
   00438    1.0000   -2540.5113  0.2644 
   00439    1.0000   -2385.8131  0.2639 
   00440    1.0000   -2453.8223  0.2667 
   00441    1.0000   -2515.5379  0.2645 
   00442    1.0000   -2480.9032  0.2548 
   00443    1.0000   -2440.0787  0.2562 
   00444    1.0000   -2385.1595  0.2649 
   00445    1.0000   -2482.7914  0.2576 
   00446    1.0000   -2429.4541  0.2658 
   00447    1.0000   -2431.3391  0.2633 
   00448    1.0000   -2376.4579  0.2640 
   00449    1.0000   -2487.2701  0.2616 
   00450    1.0000   -2497.5232  0.2588 
   00451    1.0000   -2513.1903  0.2622 
   00452    1.0000   -2523.9871  0.2662 
   00453    1.0000   -2520.3178  0.2532 
   00454    1.0000   -2611.8228  0.2636 
   00455    1.0000   -2582.8048  0.2581 
   00456    1.0000   -2506.1537  0.2585 
   00457    0.0000   -2529.2427  0.2543 
   00458    1.0000   -2602.8216  0.2554 
   00459    1.0000   -2653.9725  0.2534 
   00460    1.0000   -2685.3686  0.2547 
   00461    1.0000   -2650.9418  0.2615 
   00462    1.0000   -2622.9546  0.2627 
   00463    1.0000   -2523.6333  0.2661 
   00464    1.0000   -2463.7468  0.2620 
   00465    1.0000   -2578.9059  0.2544 
   00466    1.0000   -2562.9840  0.2646 
   00467    1.0000   -2515.4618  0.2728 
   00468    1.0000   -2563.0469  0.2674 
   00469    1.0000   -2475.4223  0.2717 
   00470    1.0000   -2473.7323  0.2633 
   00471    1.0000   -2494.2630  0.2649 
   00472    1.0000   -2464.2794  0.2658 
   00473    1.0000   -2520.2896  0.2747 
   00474    1.0000   -2472.0461  0.2728 
   00475    1.0000   -2496.6931  0.2865 
   00476    1.0000   -2454.2432  0.2846 
   00477    1.0000   -2489.8770  0.2788 
   00478    1.0000   -2492.5486  0.2812 
   00479    1.0000   -2472.7578  0.2766 
   00480    1.0000   -2379.5587  0.2692 
   00481    1.0000   -2406.0927  0.2682 
   00482    1.0000   -2377.4223  0.2655 
   00483    1.0000   -2463.4733  0.2571 
   00484    1.0000   -2402.4135  0.2575 
   00485    1.0000   -2433.3396  0.2566 
   00486    1.0000   -2368.8423  0.2729 
   00487    1.0000   -2484.9666  0.2651 
   00488    1.0000   -2485.3637  0.2660 
   00489    1.0000   -2420.5788  0.2571 
   00490    1.0000   -2485.6516  0.2555 
   00491    1.0000   -2451.5969  0.2548 
   00492    1.0000   -2520.7565  0.2567 
   00493    1.0000   -2462.9613  0.2654 
   00494    1.0000   -2521.2992  0.2677 
   00495    1.0000   -2481.2904  0.2585 
   00496    1.0000   -2446.0545  0.2758 
   00497    1.0000   -2554.7197  0.2705 
   00498    1.0000   -2604.7062  0.2724 
   00499    1.0000   -2639.6471  0.2554 
   00500    1.0000   -2482.4535  0.2551 
   00501    1.0000   -2448.2722  0.2611 
   00502    1.0000   -2536.7904  0.2693 
   00503    1.0000   -2455.3763  0.2682 
   00504    1.0000   -2493.1275  0.2699 
   00505    1.0000   -2568.3077  0.2734 
   00506    1.0000   -2693.2534  0.2795 
   00507    1.0000   -2652.7574  0.2790 
   00508    1.0000   -2479.7100  0.2726 
   00509    1.0000   -2352.4664  0.2556 
   00510    1.0000   -2468.5555  0.2549 
   00511    1.0000   -2496.3999  0.2659 
   00512    1.0000   -2514.5975  0.2672 
   00513    1.0000   -2419.8628  0.2600 
   00514    1.0000   -2501.0421  0.2611 
   00515    1.0000   -2529.0578  0.2678 
   00516    1.0000   -2546.8601  0.2677 
   00517    1.0000   -2570.2374  0.2735 
   00518    1.0000   -2653.5100  0.2712 
   00519    1.0000   -2552.6050  0.2670 
   00520    1.0000   -2591.2131  0.2649 
   00521    0.0000   -2473.3272  0.2591 
   00522    1.0000   -2516.9421  0.2634 
   00523    1.0000   -2439.8184  0.2626 
   00524    1.0000   -2390.4042  0.2597 
   00525    1.0000   -2499.2160  0.2617 
   00526    1.0000   -2475.9351  0.2613 
   00527    1.0000   -2498.3211  0.2651 
   00528    1.0000   -2570.5948  0.2630 
   00529    1.0000   -2541.2649  0.2571 
   00530    1.0000   -2579.3715  0.2643 
   00531    1.0000   -2654.6185  0.2544 
   00532    1.0000   -2586.5303  0.2591 
   00533    1.0000   -2575.2283  0.2528 
   00534    1.0000   -2537.0605  0.2573 
   00535    1.0000   -2403.4591  0.2657 
   00536    1.0000   -2421.6234  0.2615 
   00537    1.0000   -2494.1239  0.2737 
   00538    1.0000   -2496.8286  0.2718 
   00539    1.0000   -2480.7927  0.2622 
   00540    1.0000   -2443.8681  0.2644 
   00541    1.0000   -2425.1230  0.2689 
   00542    1.0000   -2450.9536  0.2712 
   00543    1.0000   -2582.9568  0.2757 
   00544    1.0000   -2497.6006  0.2720 
   00545    1.0000   -2536.3545  0.2690 
   00546    1.0000   -2488.4705  0.2742 
   00547    1.0000   -2481.8019  0.2573 
   00548    1.0000   -2526.0052  0.2612 
   00549    1.0000   -2453.6896  0.2617 
   00550    1.0000   -2582.4216  0.2564 
   00551    1.0000   -2489.7391  0.2622 
   00552    1.0000   -2511.9673  0.2549 
   00553    1.0000   -2477.9631  0.2586 
   00554    1.0000   -2428.8446  0.2647 
   00555    1.0000   -2384.3879  0.2617 
   00556    1.0000   -2442.7437  0.2638 
   00557    0.0000   -2362.3760  0.2585 
   00558    1.0000   -2393.3978  0.2514 
   00559    1.0000   -2512.3525  0.2539 
   00560    1.0000   -2494.7512  0.2621 
   00561    1.0000   -2444.1511  0.2754 
   00562    1.0000   -2510.1432  0.2671 
   00563    1.0000   -2436.2616  0.2694 
   00564    1.0000   -2533.4790  0.2705 
   00565    1.0000   -2531.2296  0.2648 
   00566    1.0000   -2480.2386  0.2623 
   00567    1.0000   -2604.2657  0.2646 
   00568    1.0000   -2595.0231  0.2734 
   00569    1.0000   -2558.5602  0.2614 
   00570    1.0000   -2572.7791  0.2611 
   00571    1.0000   -2577.2222  0.2634 
   00572    1.0000   -2465.9176  0.2617 
   00573    1.0000   -2536.5718  0.2646 
   00574    1.0000   -2603.9528  0.2553 
   00575    1.0000   -2486.3280  0.2525 
   00576    1.0000   -2519.5121  0.2645 
   00577    1.0000   -2517.1993  0.2707 
   00578    1.0000   -2459.9334  0.2588 
   00579    1.0000   -2567.9839  0.2590 
   00580    1.0000   -2523.7828  0.2582 
   00581    1.0000   -2512.0765  0.2580 
   00582    1.0000   -2565.8320  0.2660 
   00583    1.0000   -2621.7519  0.2631 
   00584    1.0000   -2617.8344  0.2580 
   00585    1.0000   -2573.5718  0.2674 
   00586    1.0000   -2583.2354  0.2547 
   00587    1.0000   -2406.5332  0.2570 
   00588    1.0000   -2458.3869  0.2597 
   00589    1.0000   -2608.3301  0.2775 
   00590    1.0000   -2582.4722  0.2755 
   00591    1.0000   -2648.4450  0.2779 
   00592    1.0000   -2629.8948  0.2710 
   00593    1.0000   -2562.4920  0.2658 
   00594    1.0000   -2453.1961  0.2707 
   00595    1.0000   -2387.3813  0.2677 
   00596    1.0000   -2492.1079  0.2673 
   00597    1.0000   -2614.9728  0.2744 
   00598    1.0000   -2531.4914  0.2738 
   00599    1.0000   -2470.3105  0.2682 
   00600    1.0000   -2450.8742  0.2633 
   00601    1.0000   -2435.5095  0.2599 
   00602    1.0000   -2498.9715  0.2614 
   00603    1.0000   -2516.9797  0.2648 
   00604    1.0000   -2459.0833  0.2581 
   00605    1.0000   -2439.4660  0.2649 
   00606    1.0000   -2391.1323  0.2575 
   00607    1.0000   -2431.0463  0.2572 
   00608    1.0000   -2579.1126  0.2630 
   00609    1.0000   -2558.5358  0.2601 
   00610    1.0000   -2582.8487  0.2637 
   00611    1.0000   -2480.6685  0.2585 
   00612    1.0000   -2457.9027  0.2533 
   00613    1.0000   -2414.2841  0.2600 
   00614    1.0000   -2448.0230  0.2693 
   00615    1.0000   -2491.6825  0.2708 
   00616    1.0000   -2497.6887  0.2632 
   00617    1.0000   -2454.6801  0.2688 
   00618    1.0000   -2381.9964  0.2580 
   00619    1.0000   -2473.3751  0.2582 
   00620    1.0000   -2577.4734  0.2649 
   00621    1.0000   -2576.0991  0.2689 
   00622    0.0000   -2619.1547  0.2677 
   00623    1.0000   -2589.7575  0.2570 
   00624    1.0000   -2584.1743  0.2635 
   00625    1.0000   -2573.1383  0.2626 
   00626    1.0000   -2545.0794  0.2742 
   00627    1.0000   -2535.3648  0.2804 
   00628    1.0000   -2554.5782  0.2806 
   00629    1.0000   -2493.9472  0.2763 
   00630    1.0000   -2544.3709  0.2769 
   00631    1.0000   -2475.1236  0.2661 
   00632    1.0000   -2500.0357  0.2640 
   00633    1.0000   -2541.5298  0.2580 
   00634    1.0000   -2490.7699  0.2624 
   00635    1.0000   -2517.9600  0.2664 
   00636    1.0000   -2536.9386  0.2691 
   00637    1.0000   -2544.5085  0.2653 
   00638    1.0000   -2476.1169  0.2631 
   00639    1.0000   -2414.9939  0.2605 
   00640    1.0000   -2512.7777  0.2623 
   00641    1.0000   -2602.7325  0.2557 
   00642    1.0000   -2623.8515  0.2652 
   00643    1.0000   -2544.7343  0.2706 
   00644    1.0000   -2394.1381  0.2746 
   00645    1.0000   -2397.9253  0.2682 
   00646    1.0000   -2393.3882  0.2619 
   00647    1.0000   -2539.3280  0.2600 
   00648    1.0000   -2514.3310  0.2655 
   00649    1.0000   -2628.5883  0.2643 
   00650    1.0000   -2537.1769  0.2611 
   00651    0.0000   -2530.4764  0.2523 
   00652    1.0000   -2519.2532  0.2561 
   00653    1.0000   -2423.7078  0.2571 
   00654    1.0000   -2371.4143  0.2555 
   00655    1.0000   -2432.4128  0.2736 
   00656    1.0000   -2484.6970  0.2644 
   00657    1.0000   -2568.2275  0.2701 
   00658    1.0000   -2523.8756  0.2568 
   00659    1.0000   -2590.7489  0.2559 
   00660    1.0000   -2541.7578  0.2551 
   00661    1.0000   -2538.0618  0.2585 
   00662    1.0000   -2492.5793  0.2669 
   00663    1.0000   -2425.3010  0.2601 
   00664    1.0000   -2518.3892  0.2683 
   00665    1.0000   -2590.2227  0.2686 
   00666    1.0000   -2553.0857  0.2607 
   00667    1.0000   -2574.3641  0.2655 
   00668    1.0000   -2604.6049  0.2665 
   00669    1.0000   -2513.6938  0.2649 
   00670    1.0000   -2532.9208  0.2637 
   00671    1.0000   -2527.6342  0.2697 
   00672    1.0000   -2542.2920  0.2685 
   00673    1.0000   -2555.7400  0.2671 
   00674    1.0000   -2505.2480  0.2625 
   00675    1.0000   -2554.0850  0.2706 
   00676    1.0000   -2575.1360  0.2546 
   00677    1.0000   -2563.3345  0.2544 
   00678    1.0000   -2515.8760  0.2548 
   00679    1.0000   -2500.8008  0.2640 
   00680    1.0000   -2487.5340  0.2563 
   00681    1.0000   -2561.9042  0.2506 
   00682    1.0000   -2529.8452  0.2531 
   00683    1.0000   -2500.4473  0.2680 
   00684    1.0000   -2460.7411  0.2749 
   00685    1.0000   -2366.4555  0.2715 
   00686    1.0000   -2434.4879  0.2656 
   00687    1.0000   -2525.0547  0.2644 
   00688    1.0000   -2553.2560  0.2736 
   00689    1.0000   -2611.8605  0.2630 
   00690    1.0000   -2561.2757  0.2508 
   00691    1.0000   -2599.1706  0.2642 
   00692    1.0000   -2551.1320  0.2597 
   00693    0.0000   -2505.1246  0.2539 
   00694    1.0000   -2499.2960  0.2541 
   00695    1.0000   -2506.1684  0.2575 
   00696    1.0000   -2476.8331  0.2691 
   00697    1.0000   -2412.2555  0.2733 
   00698    1.0000   -2434.8338  0.2674 
   00699    0.0000   -2447.5087  0.2711 
   00700    1.0000   -2452.8983  0.2622 
   00701    1.0000   -2461.8581  0.2696 
   00702    1.0000   -2334.8221  0.2694 
   00703    1.0000   -2465.7364  0.2706 
   00704    1.0000   -2520.4811  0.2719 
   00705    1.0000   -2555.2585  0.2752 
   00706    1.0000   -2490.9071  0.2645 
   00707    1.0000   -2489.6906  0.2587 
   00708    1.0000   -2534.2445  0.2556 
   00709    1.0000   -2377.5928  0.2629 
   00710    1.0000   -2488.4414  0.2546 
   00711    1.0000   -2468.8935  0.2657 
   00712    1.0000   -2545.8011  0.2656 
   00713    1.0000   -2481.2160  0.2635 
   00714    1.0000   -2399.2249  0.2616 
   00715    1.0000   -2447.9723  0.2651 
   00716    1.0000   -2436.6865  0.2621 
   00717    1.0000   -2436.7535  0.2559 
   00718    1.0000   -2422.0254  0.2554 
   00719    1.0000   -2501.7191  0.2552 
   00720    1.0000   -2468.6564  0.2629 
   00721    1.0000   -2576.1459  0.2640 
   00722    1.0000   -2558.4408  0.2631 
   00723    1.0000   -2641.4282  0.2589 
   00724    1.0000   -2619.5053  0.2609 
   00725    1.0000   -2546.5158  0.2692 
   00726    1.0000   -2653.4135  0.2622 
   00727    1.0000   -2649.5664  0.2626 
   00728    1.0000   -2637.2690  0.2581 
   00729    1.0000   -2538.3289  0.2618 
   00730    1.0000   -2537.6911  0.2669 
   00731    1.0000   -2536.0148  0.2538 
   00732    1.0000   -2470.7129  0.2551 
   00733    1.0000   -2531.8893  0.2539 
   00734    1.0000   -2453.8569  0.2538 
   00735    1.0000   -2481.4537  0.2618 
   00736    1.0000   -2452.7486  0.2684 
   00737    1.0000   -2512.8156  0.2769 
   00738    1.0000   -2464.6632  0.2725 
   00739    1.0000   -2410.4166  0.2709 
   00740    1.0000   -2368.7872  0.2581 
   00741    1.0000   -2372.1080  0.2569 
   00742    1.0000   -2390.4592  0.2659 
   00743    1.0000   -2475.3583  0.2657 
   00744    1.0000   -2562.9898  0.2662 
   00745    1.0000   -2487.0511  0.2610 
   00746    1.0000   -2586.5837  0.2564 
   00747    1.0000   -2492.9444  0.2559 
   00748    1.0000   -2474.6613  0.2506 
   00749    1.0000   -2447.4648  0.2549 
   00750    1.0000   -2440.7296  0.2607 
   00751    1.0000   -2436.6696  0.2550 
   00752    1.0000   -2458.3265  0.2573 
   00753    1.0000   -2402.7592  0.2642 
   00754    1.0000   -2492.0499  0.2681 
   00755    0.0000   -2556.2054  0.2706 
   00756    1.0000   -2506.2570  0.2640 
   00757    1.0000   -2463.6061  0.2667 
   00758    1.0000   -2519.6448  0.2621 
   00759    1.0000   -2568.2204  0.2536 
   00760    1.0000   -2564.9370  0.2552 
   00761    1.0000   -2509.5679  0.2547 
   00762    1.0000   -2360.6750  0.2536 
   00763    1.0000   -2461.0470  0.2555 
   00764    1.0000   -2561.6041  0.2657 
   00765    1.0000   -2616.9718  0.2621 
   00766    0.0000   -2463.6631  0.2615 
   00767    1.0000   -2392.5580  0.2597 
   00768    1.0000   -2542.2265  0.2721 
   00769    1.0000   -2554.2976  0.2740 
   00770    1.0000   -2670.9396  0.2761 
   00771    1.0000   -2639.3534  0.2687 
   00772    1.0000   -2520.1982  0.2642 
   00773    1.0000   -2522.8528  0.2616 
   00774    1.0000   -2610.4957  0.2590 
   00775    1.0000   -2547.8024  0.2609 
   00776    1.0000   -2585.1723  0.2584 
   00777    1.0000   -2507.2178  0.2581 
   00778    1.0000   -2508.9858  0.2572 
   00779    1.0000   -2558.9700  0.2667 
   00780    1.0000   -2523.3427  0.2674 
   00781    1.0000   -2404.9279  0.2718 
   00782    1.0000   -2422.3070  0.2581 
   00783    1.0000   -2540.9990  0.2643 
   00784    1.0000   -2458.7499  0.2539 
   00785    1.0000   -2530.7238  0.2584 
   00786    1.0000   -2461.6245  0.2621 
   00787    1.0000   -2486.5676  0.2699 
   00788    1.0000   -2495.1119  0.2716 
   00789    1.0000   -2467.4782  0.2556 
   00790    1.0000   -2401.5533  0.2565 
   00791    1.0000   -2380.2791  0.2684 
   00792    1.0000   -2457.7236  0.2724 
   00793    1.0000   -2552.8321  0.2718 
   00794    1.0000   -2526.5274  0.2672 
   00795    1.0000   -2516.0718  0.2643 
   00796    1.0000   -2527.5791  0.2626 
   00797    1.0000   -2551.3445  0.2512 
   00798    1.0000   -2557.6488  0.2689 
   00799    1.0000   -2585.2519  0.2729 
   00800    1.0000   -2549.5838  0.2660 
   00801    1.0000   -2562.2596  0.2725 
   00802    1.0000   -2614.4024  0.2723 
   00803    1.0000   -2513.4689  0.2785 
   00804    1.0000   -2547.0801  0.2707 
   00805    1.0000   -2573.7196  0.2764 
   00806    1.0000   -2609.6905  0.2794 
   00807    1.0000   -2599.4134  0.2707 
   00808    1.0000   -2576.6924  0.2648 
   00809    1.0000   -2468.8188  0.2688 
   00810    1.0000   -2582.1587  0.2701 
   00811    1.0000   -2498.5684  0.2694 
   00812    1.0000   -2563.5848  0.2704 
   00813    1.0000   -2487.1357  0.2671 
   00814    1.0000   -2483.9800  0.2719 
   00815    1.0000   -2507.8169  0.2649 
   00816    1.0000   -2490.0216  0.2730 
   00817    1.0000   -2558.9464  0.2771 
   00818    1.0000   -2614.4330  0.2686 
   00819    1.0000   -2601.8157  0.2674 
   00820    1.0000   -2584.6494  0.2707 
   00821    1.0000   -2494.8374  0.2596 
   00822    1.0000   -2536.5688  0.2655 
   00823    1.0000   -2552.6802  0.2656 
   00824    1.0000   -2461.7699  0.2637 
   00825    1.0000   -2572.2638  0.2549 
   00826    1.0000   -2489.0366  0.2526 
   00827    1.0000   -2450.0874  0.2650 
   00828    1.0000   -2536.9246  0.2770 
   00829    1.0000   -2460.3330  0.2810 
   00830    1.0000   -2433.2594  0.2693 
   00831    1.0000   -2424.5677  0.2723 
   00832    1.0000   -2471.1515  0.2640 
   00833    1.0000   -2516.5416  0.2588 
   00834    1.0000   -2489.6481  0.2572 
   00835    1.0000   -2444.2469  0.2593 
   00836    1.0000   -2492.4752  0.2545 
   00837    1.0000   -2493.3503  0.2556 
   00838    1.0000   -2460.5916  0.2548 
   00839    1.0000   -2417.4512  0.2595 
   00840    1.0000   -2485.2735  0.2617 
   00841    1.0000   -2580.6815  0.2782 
   00842    1.0000   -2551.4530  0.2703 
   00843    1.0000   -2528.7005  0.2686 
   00844    1.0000   -2443.1198  0.2678 
   00845    1.0000   -2464.7893  0.2613 
   00846    1.0000   -2530.7305  0.2573 
   00847    1.0000   -2530.5691  0.2580 
   00848    1.0000   -2529.7790  0.2635 
   00849    1.0000   -2473.1343  0.2634 
   00850    1.0000   -2424.1143  0.2591 
   00851    1.0000   -2399.7735  0.2569 
   00852    1.0000   -2406.4912  0.2545 
   00853    1.0000   -2410.5641  0.2566 
   00854    1.0000   -2397.7199  0.2636 
   00855    1.0000   -2404.7005  0.2615 
   00856    1.0000   -2507.7537  0.2512 
   00857    1.0000   -2566.2693  0.2678 
   00858    1.0000   -2553.4967  0.2598 
   00859    1.0000   -2491.3374  0.2686 
   00860    1.0000   -2535.7809  0.2640 
   00861    1.0000   -2539.9882  0.2584 
   00862    1.0000   -2457.8266  0.2632 
   00863    1.0000   -2420.8494  0.2627 
   00864    1.0000   -2375.4840  0.2736 
   00865    1.0000   -2470.6171  0.2730 
   00866    1.0000   -2532.7515  0.2609 
   00867    1.0000   -2471.2079  0.2590 
   00868    1.0000   -2533.4659  0.2601 
   00869    1.0000   -2515.0802  0.2632 
   00870    1.0000   -2527.0172  0.2529 
   00871    1.0000   -2481.7775  0.2578 
   00872    1.0000   -2485.7134  0.2577 
   00873    1.0000   -2542.9497  0.2567 
   00874    1.0000   -2487.9789  0.2629 
   00875    1.0000   -2442.2691  0.2666 
   00876    1.0000   -2457.6454  0.2606 
   00877    1.0000   -2503.3965  0.2623 
   00878    1.0000   -2476.8399  0.2548 
   00879    1.0000   -2535.8423  0.2683 
   00880    1.0000   -2597.1238  0.2711 
   00881    1.0000   -2465.4633  0.2703 
   00882    1.0000   -2552.3676  0.2817 
   00883    1.0000   -2537.1712  0.2826 
   00884    0.0000   -2535.9128  0.2751 
   00885    1.0000   -2522.8101  0.2607 
   00886    1.0000   -2455.1814  0.2565 
   00887    1.0000   -2450.0044  0.2525 
   00888    1.0000   -2357.2703  0.2686 
   00889    1.0000   -2243.6374  0.2660 
   00890    1.0000   -2339.3511  0.2585 
   00891    0.0000   -2479.4484  0.2531 
   00892    1.0000   -2380.3365  0.2618 
   00893    1.0000   -2511.4913  0.2619 
   00894    1.0000   -2453.0149  0.2612 
   00895    1.0000   -2582.8911  0.2595 
   00896    1.0000   -2556.3694  0.2623 
   00897    1.0000   -2538.3224  0.2578 
   00898    1.0000   -2425.0902  0.2595 
   00899    1.0000   -2450.9109  0.2611 
   00900    1.0000   -2377.5221  0.2636 
   00901    1.0000   -2409.8418  0.2615 
   00902    1.0000   -2611.2628  0.2560 
   00903    1.0000   -2602.5629  0.2561 
   00904    1.0000   -2604.5911  0.2663 
   00905    1.0000   -2504.0521  0.2617 
   00906    1.0000   -2462.1192  0.2651 
   00907    1.0000   -2382.3875  0.2609 
   00908    1.0000   -2454.3123  0.2672 
   00909    1.0000   -2457.9111  0.2679 
   00910    1.0000   -2470.3120  0.2673 
   00911    1.0000   -2442.8231  0.2658 
   00912    1.0000   -2434.1559  0.2552 
   00913    1.0000   -2464.2694  0.2602 
   00914    0.0000   -2496.8354  0.2524 
   00915    1.0000   -2444.6602  0.2586 
   00916    1.0000   -2423.9487  0.2548 
   00917    1.0000   -2370.7099  0.2548 
   00918    1.0000   -2354.3623  0.2521 
   00919    1.0000   -2389.2523  0.2554 
   00920    1.0000   -2323.7478  0.2542 
   00921    1.0000   -2366.1817  0.2605 
   00922    1.0000   -2538.2343  0.2643 
   00923    1.0000   -2492.1787  0.2592 
   00924    1.0000   -2439.2834  0.2626 
   00925    1.0000   -2478.0657  0.2527 
   00926    1.0000   -2563.1363  0.2568 
   00927    0.0000   -2562.9825  0.2516 
   00928    1.0000   -2474.8846  0.2533 
   00929    1.0000   -2501.0606  0.2534 
   00930    1.0000   -2574.8554  0.2667 
   00931    1.0000   -2548.8493  0.2626 
   00932    1.0000   -2628.4813  0.2554 
   00933    1.0000   -2681.1862  0.2608 
   00934    1.0000   -2661.3383  0.2576 
   00935    1.0000   -2618.7881  0.2668 
   00936    1.0000   -2597.9193  0.2661 
   00937    1.0000   -2568.7309  0.2669 
   00938    1.0000   -2494.1460  0.2638 
   00939    1.0000   -2391.8529  0.2641 
   00940    1.0000   -2449.5036  0.2618 
   00941    1.0000   -2426.3927  0.2585 
   00942    1.0000   -2365.6736  0.2522 
   00943    1.0000   -2497.2886  0.2543 
   00944    1.0000   -2539.5861  0.2570 
   00945    1.0000   -2514.6599  0.2565 
   00946    1.0000   -2446.4608  0.2541 
   00947    1.0000   -2419.7420  0.2648 
   00948    1.0000   -2503.4078  0.2654 
   00949    1.0000   -2519.6233  0.2521 
   00950    1.0000   -2555.1313  0.2616 
   00951    1.0000   -2592.2975  0.2554 
   00952    1.0000   -2492.6105  0.2629 
   00953    1.0000   -2542.4344  0.2557 
   00954    1.0000   -2384.0778  0.2578 
   00955    1.0000   -2426.2691  0.2563 
   00956    1.0000   -2488.5767  0.2581 
   00957    1.0000   -2583.8936  0.2610 
   00958    1.0000   -2617.3679  0.2671 
   00959    1.0000   -2580.9752  0.2668 
   00960    1.0000   -2590.0920  0.2546 
   00961    1.0000   -2488.1667  0.2551 
   00962    1.0000   -2524.2125  0.2645 
   00963    1.0000   -2496.7195  0.2633 
   00964    1.0000   -2467.7140  0.2689 
   00965    1.0000   -2415.1692  0.2630 
   00966    1.0000   -2386.2109  0.2635 
   00967    1.0000   -2426.9036  0.2625 
   00968    1.0000   -2458.6099  0.2602 
   00969    1.0000   -2362.2504  0.2668 
   00970    1.0000   -2384.4654  0.2649 
   00971    1.0000   -2491.9057  0.2704 
   00972    1.0000   -2555.9375  0.2631 
   00973    1.0000   -2484.7543  0.2582 
   00974    1.0000   -2520.0469  0.2630 
   00975    1.0000   -2518.4367  0.2620 
   00976    1.0000   -2500.4239  0.2531 
   00977    1.0000   -2516.8821  0.2532 
   00978    1.0000   -2459.5773  0.2611 
   00979    1.0000   -2400.8723  0.2579 
   00980    1.0000   -2604.0054  0.2512 
   00981    1.0000   -2495.2765  0.2610 
   00982    1.0000   -2506.9515  0.2590 
   00983    1.0000   -2480.5971  0.2577 
   00984    1.0000   -2550.0227  0.2572 
   00985    1.0000   -2618.3826  0.2622 
   00986    1.0000   -2549.1607  0.2593 
   00987    1.0000   -2551.0385  0.2723 
   00988    1.0000   -2454.1462  0.2647 
   00989    0.0000   -2507.1494  0.2670 
   00990    1.0000   -2422.8739  0.2587 
   00991    1.0000   -2402.9076  0.2600 
   00992    1.0000   -2522.7833  0.2607 
   00993    1.0000   -2519.3399  0.2602 
   00994    1.0000   -2548.6469  0.2527 
   00995    1.0000   -2470.3564  0.2526 
   00996    1.0000   -2471.9715  0.2556 
   00997    1.0000   -2494.8417  0.2578 
   00998    1.0000   -2571.5986  0.2578 
   00999    1.0000   -2555.4264  0.2573 
   01000    1.0000   -2545.3901  0.2644 
